ann	mes	dia	hora	VelViento	DirViento	Temp	Humedad	Lluvia	RadSolar
2014.0	4.0	7.0	16.0	3.5	3.1	30.1	52.0	0.0	223.2
2014.0	4.0	7.0	17.0	1.5	323.3	30.5	49.7	0.0	180.2
2014.0	4.0	7.0	18.0	6.0	293.4	29.8	47.8	0.0	37.4
2014.0	4.0	8.0	7.0	2.1	92.7	22.5	83.6	0.0	17.5
2014.0	4.0	8.0	10.0	2.3	177.8	26.5	66.4	0.0	345.6
2014.0	4.0	8.0	13.0	4.1	156.2	30.7	50.4	0.0	411.7
2014.0	4.0	8.0	16.0	7.1	53.5	28.9	57.5	1.02	99.1
2014.0	4.0	9.0	7.0	2.0	121.6	21.6	87.2	0.0	42.3
2014.0	4.0	9.0	10.0	2.1	119.8	25.9	68.6	0.0	388.0
2014.0	4.0	9.0	13.0	4.9	96.5	29.6	50.7	0.0	246.4
2014.0	4.0	9.0	16.0	6.1	299.2	30.5	46.5	0.0	310.9
2014.0	4.0	10.0	7.0	2.7	58.5	21.6	87.2	0.0	15.8
2014.0	4.0	10.0	10.0	2.8	93.4	25.4	70.1	0.0	406.3
2014.0	4.0	10.0	13.0	2.0	204.0	30.3	46.4	0.0	538.3
2014.0	4.0	10.0	16.0	4.4	53.3	32.1	42.9	0.0	297.9
2014.0	4.0	11.0	7.0	1.6	143.3	22.8	82.0	0.0	31.9
2014.0	4.0	11.0	10.0	3.0	207.0	26.7	65.7	0.0	323.0
2014.0	4.0	11.0	13.0	3.6	92.3	30.3	49.2	0.0	465.8
2014.0	4.0	11.0	16.0	3.7	349.8	32.7	41.7	0.0	240.6
2014.0	4.0	12.0	7.0	2.7	118.2	22.7	80.8	0.0	32.9
2014.0	4.0	12.0	10.0	3.5	82.1	26.5	66.5	0.0	357.7
2014.0	4.0	12.0	13.0	3.2	108.0	29.1	53.5	0.0	278.1
2014.0	4.0	12.0	16.0	5.8	305.2	27.2	59.6	0.0	88.8
2014.0	4.0	13.0	7.0	1.7	73.6	20.6	86.4	0.0	36.5
2014.0	4.0	13.0	10.0	1.7	134.4	26.1	63.9	0.0	401.9
2014.0	4.0	13.0	13.0	4.3	84.7	30.3	49.2	0.0	497.6
2014.0	4.0	13.0	16.0	5.4	328.6	31.4	42.1	0.0	244.9
2014.0	4.0	13.0	17.0	5.9	313.1	30.8	42.7	0.0	147.5
2014.0	4.0	13.0	18.0	6.5	306.2	29.2	47.2	0.0	41.1
2014.0	4.0	14.0	7.0	1.6	171.4	22.9	79.8	0.0	15.1
2014.0	4.0	14.0	10.0	1.3	137.5	27.0	61.9	0.0	392.3
2014.0	4.0	14.0	13.0	2.0	33.4	30.8	44.5	0.0	519.2
2014.0	4.0	14.0	16.0	5.5	304.4	31.7	41.8	0.0	224.9
2014.0	4.0	15.0	7.0	1.4	260.1	21.0	86.5	16.26	11.1
2014.0	4.0	15.0	10.0	2.3	182.7	21.5	89.7	5.59	47.0
2014.0	4.0	15.0	13.0	4.8	77.2	26.1	65.9	0.0	491.2
2014.0	4.0	15.0	16.0	5.4	34.4	26.7	59.7	0.0	172.2
2014.0	4.0	16.0	7.0	2.2	175.9	20.9	91.0	0.0	20.2
2014.0	4.0	16.0	10.0	0.5	35.9	23.4	78.5	0.0	276.6
2014.0	4.0	16.0	13.0	3.2	74.2	27.3	58.7	0.0	417.4
2014.0	4.0	16.0	16.0	2.5	24.2	29.3	50.1	0.0	282.8
2014.0	4.0	17.0	7.0	2.2	119.5	23.1	83.1	0.0	20.3
2014.0	4.0	17.0	10.0	4.1	206.8	25.9	69.9	0.0	220.2
2014.0	4.0	17.0	13.0	1.9	43.4	28.7	55.5	0.0	564.5
2014.0	4.0	17.0	16.0	6.3	1.5	30.4	47.6	0.0	261.7
2014.0	4.0	18.0	7.0	1.8	171.8	23.2	80.6	0.0	14.3
2014.0	4.0	18.0	10.0	2.5	98.4	26.3	67.5	0.0	377.0
2014.0	4.0	18.0	13.0	3.9	45.2	30.2	50.7	0.0	419.6
2014.0	4.0	18.0	16.0	3.9	326.0	30.4	44.7	0.0	89.9
2014.0	4.0	23.0	10.0	2.7	226.5	26.1	67.5	0.0	351.9
2014.0	4.0	23.0	13.0	4.6	52.9	30.0	54.2	0.0	490.8
2014.0	4.0	23.0	16.0	4.0	217.3	23.8	81.6	0.25	28.5
2014.0	4.0	23.0	18.0	4.9	193.4	21.5	86.3	0.0	21.4
2014.0	4.0	24.0	10.0	1.7	177.0	22.5	86.0	0.0	85.4
2014.0	4.0	24.0	13.0	2.7	165.7	24.0	78.9	0.25	175.4
2014.0	4.0	24.0	16.0	2.4	155.4	24.1	75.6	0.0	72.1
2014.0	4.0	25.0	7.0	1.6	28.9	19.9	92.2	0.0	12.4
2014.0	4.0	25.0	10.0	1.4	146.9	24.6	71.3	0.0	364.2
2014.0	4.0	25.0	13.0	3.0	68.3	28.9	54.3	0.0	509.0
2014.0	4.0	25.0	16.0	3.4	346.0	30.9	48.7	0.0	233.0
2014.0	4.0	26.0	7.0	1.8	349.3	21.2	90.2	0.0	4.2
2014.0	4.0	26.0	10.0	2.3	107.1	23.1	81.2	0.0	206.2
2014.0	4.0	26.0	13.0	3.9	93.0	27.2	62.2	0.0	424.5
2014.0	4.0	26.0	16.0	4.2	40.2	28.7	56.6	0.0	279.9
2014.0	4.0	27.0	7.0	1.9	226.4	21.8	86.7	0.0	7.4
2014.0	4.0	27.0	9.0	2.5	128.0	23.1	83.3	0.0	208.6
2014.0	4.0	27.0	10.0	2.2	184.7	24.5	75.8	0.0	300.0
2014.0	4.0	27.0	11.0	1.5	164.6	25.8	68.4	0.0	336.4
2014.0	4.0	27.0	12.0	1.5	89.6	26.7	64.0	0.0	338.0
2014.0	4.0	27.0	13.0	4.3	88.5	27.1	63.3	0.0	310.8
2014.0	4.0	27.0	14.0	4.1	92.4	28.1	60.7	0.0	390.5
2014.0	4.0	27.0	15.0	3.9	84.7	29.2	56.4	0.0	373.0
2014.0	4.0	27.0	16.0	3.5	62.2	30.1	53.0	0.0	288.8
2014.0	4.0	27.0	17.0	5.5	14.7	30.2	50.3	0.0	133.4
2014.0	4.0	27.0	18.0	4.4	330.4	29.0	54.1	0.0	35.6
2014.0	4.0	28.0	7.0	2.2	89.8	21.3	87.4	0.0	13.3
2014.0	4.0	28.0	9.0	3.4	82.1	23.9	79.6	0.0	248.3
2014.0	4.0	28.0	10.0	3.3	78.6	26.2	68.3	0.0	388.7
2014.0	4.0	28.0	11.0	2.7	77.3	27.9	60.5	0.0	491.3
2014.0	4.0	28.0	12.0	2.7	93.6	29.2	55.2	0.0	499.4
2014.0	4.0	28.0	13.0	2.4	50.9	30.2	51.5	0.0	498.1
2014.0	4.0	28.0	14.0	3.8	84.3	31.2	47.2	0.0	467.7
2014.0	4.0	28.0	15.0	3.3	73.4	31.8	46.3	0.0	389.1
2014.0	4.0	28.0	16.0	3.9	18.3	31.6	47.6	0.0	99.5
2014.0	4.0	28.0	17.0	3.9	2.5	31.3	46.7	0.0	96.8
2014.0	4.0	29.0	7.0	2.3	8.9	21.1	91.4	1.02	7.1
2014.0	4.0	29.0	9.0	3.3	350.8	22.3	86.0	0.0	104.9
2014.0	4.0	29.0	10.0	1.1	20.9	23.3	79.5	0.0	186.1
2014.0	4.0	29.0	11.0	2.6	145.4	24.9	70.5	0.0	340.9
2014.0	4.0	29.0	12.0	4.1	156.3	25.8	67.8	0.0	383.5
2014.0	4.0	29.0	13.0	2.0	131.1	26.9	60.3	0.0	421.7
2014.0	4.0	29.0	14.0	3.0	101.2	28.1	53.1	0.0	436.7
2014.0	4.0	29.0	15.0	2.9	91.7	28.8	53.1	0.0	308.4
2014.0	4.0	29.0	16.0	3.3	62.4	29.3	54.6	0.0	265.1
2014.0	4.0	29.0	17.0	3.1	68.7	29.3	56.2	0.0	99.3
2014.0	4.0	29.0	18.0	2.3	80.6	28.7	58.7	0.0	16.3
2014.0	4.0	30.0	7.0	0.7	103.5	22.5	84.7	0.0	25.4
2014.0	4.0	30.0	10.0	2.8	177.6	26.1	69.3	0.0	379.5
2014.0	4.0	30.0	11.0	2.0	164.7	27.4	63.1	0.0	335.3
2014.0	4.0	30.0	12.0	2.4	151.3	27.9	61.5	0.0	192.6
2014.0	4.0	30.0	13.0	2.7	101.0	28.8	58.7	0.0	426.0
2014.0	4.0	30.0	14.0	3.1	2.2	29.5	53.4	0.0	305.6
2014.0	4.0	30.0	15.0	6.2	21.5	29.3	54.7	0.0	228.3
2014.0	4.0	30.0	16.0	4.3	60.5	28.5	58.7	0.0	92.9
2014.0	4.0	30.0	17.0	2.8	100.0	28.2	59.3	0.0	55.0
2014.0	4.0	30.0	18.0	3.5	185.4	26.6	63.2	0.0	21.8
2014.0	5.0	1.0	7.0	1.5	83.2	22.5	86.9	0.0	17.2
2014.0	5.0	1.0	10.0	3.7	105.0	25.6	70.6	0.0	214.4
2014.0	5.0	1.0	13.0	2.1	148.4	29.4	54.7	0.0	421.6
2014.0	5.0	1.0	16.0	3.1	317.2	29.3	52.0	0.0	80.7
2014.0	5.0	2.0	7.0	0.6	186.5	22.3	87.0	0.25	16.4
2014.0	5.0	2.0	10.0	1.8	122.7	25.1	74.8	0.0	343.6
2014.0	5.0	2.0	13.0	2.8	118.1	28.4	58.3	0.0	287.8
2014.0	5.0	2.0	16.0	3.9	36.4	25.2	76.0	2.54	128.3
2014.0	5.0	3.0	10.0	2.8	219.3	24.8	73.6	0.0	359.5
2014.0	5.0	3.0	13.0	3.0	128.9	27.9	58.5	0.0	271.6
2014.0	5.0	3.0	16.0	2.7	73.5	29.4	54.1	0.0	173.1
2014.0	5.0	4.0	7.0	0.5	158.6	22.5	83.9	0.0	12.3
2014.0	5.0	4.0	10.0	2.9	134.9	25.1	72.8	0.0	217.9
2014.0	5.0	4.0	13.0	4.0	123.4	27.8	59.8	0.0	269.7
2014.0	5.0	4.0	16.0	2.9	354.2	28.9	55.3	0.0	101.8
2014.0	5.0	5.0	7.0	1.3	212.2	20.7	90.5	0.0	34.5
2014.0	5.0	5.0	10.0	2.8	110.6	23.6	80.5	0.0	349.5
2014.0	5.0	5.0	13.0	3.2	79.2	29.1	54.0	0.0	487.2
2014.0	5.0	5.0	16.0	4.8	16.4	30.8	48.5	0.0	189.9
2014.0	5.0	6.0	7.0	1.9	156.6	22.3	84.7	0.0	4.6
2014.0	5.0	6.0	10.0	1.5	117.6	25.1	72.1	0.0	260.1
2014.0	5.0	6.0	13.0	2.6	74.9	28.9	55.5	0.0	420.8
2014.0	5.0	6.0	16.0	6.6	82.2	25.9	74.6	0.0	197.4
2014.0	5.0	7.0	10.0	0.5	84.7	21.4	89.6	0.25	60.1
2014.0	5.0	7.0	13.0	4.0	218.2	25.9	68.2	0.0	466.5
2014.0	5.0	7.0	14.0	2.7	160.6	27.2	64.1	0.0	485.7
2014.0	5.0	7.0	15.0	1.2	145.3	28.0	60.7	0.0	311.5
2014.0	5.0	7.0	16.0	1.9	184.2	28.4	59.7	0.0	222.3
2014.0	5.0	7.0	17.0	3.4	96.7	27.1	63.1	0.0	42.9
2014.0	5.0	7.0	18.0	4.1	176.2	23.3	80.0	57.15	19.8
2014.0	5.0	8.0	7.0	1.1	118.2	22.1	89.4	0.0	12.1
2014.0	5.0	8.0	10.0	3.6	38.9	24.6	78.1	0.0	233.9
2014.0	5.0	8.0	12.0	3.0	50.6	26.4	67.0	0.0	520.2
2014.0	5.0	8.0	13.0	4.0	55.8	28.1	59.5	0.0	484.7
2014.0	5.0	8.0	14.0	4.1	33.1	28.7	52.6	0.0	405.9
2014.0	5.0	8.0	15.0	4.0	39.2	29.3	49.1	0.0	255.1
2014.0	5.0	8.0	16.0	0.8	157.5	28.7	53.1	0.0	131.6
2014.0	5.0	8.0	17.0	6.2	205.1	25.8	69.3	0.0	47.2
2014.0	5.0	8.0	18.0	5.2	153.3	24.0	79.5	0.0	7.6
2014.0	5.0	9.0	7.0	3.0	284.7	20.8	90.3	0.51	8.9
2014.0	5.0	9.0	10.0	2.2	100.2	22.6	82.8	0.0	180.9
2014.0	5.0	9.0	12.0	2.1	103.9	25.4	67.9	0.0	408.2
2014.0	5.0	9.0	13.0	1.9	18.2	26.7	63.4	0.0	445.3
2014.0	5.0	9.0	14.0	3.6	73.3	27.7	57.3	0.0	446.0
2014.0	5.0	9.0	15.0	4.1	51.5	28.2	57.4	0.0	151.7
2014.0	5.0	9.0	16.0	4.3	22.3	28.4	55.0	0.0	194.3
2014.0	5.0	9.0	17.0	6.9	308.0	27.3	55.9	0.0	54.4
2014.0	5.0	9.0	18.0	6.6	315.1	26.1	59.2	0.0	12.4
2014.0	5.0	10.0	7.0	1.2	39.1	21.4	89.1	0.0	7.2
2014.0	5.0	10.0	10.0	1.9	126.9	23.6	76.6	0.0	212.6
2014.0	5.0	10.0	13.0	2.1	105.9	26.9	60.8	0.0	327.8
2014.0	5.0	10.0	16.0	3.9	0.2	27.8	57.9	0.0	85.8
2014.0	5.0	11.0	7.0	2.5	242.7	20.6	90.9	12.95	9.0
2014.0	5.0	11.0	8.0	1.8	237.3	21.2	88.6	3.05	83.9
2014.0	5.0	11.0	9.0	1.8	196.5	22.2	83.6	0.0	118.3
2014.0	5.0	11.0	10.0	1.5	198.5	23.1	77.9	0.0	193.5
2014.0	5.0	11.0	11.0	2.2	193.2	24.5	71.4	0.0	431.3
2014.0	5.0	11.0	12.0	1.9	151.5	26.1	62.1	0.0	547.6
2014.0	5.0	11.0	13.0	2.7	142.7	27.3	54.9	0.0	515.6
2014.0	5.0	11.0	14.0	0.6	49.2	28.1	50.1	0.0	481.0
2014.0	5.0	11.0	15.0	2.2	115.6	29.0	47.7	0.0	355.8
2014.0	5.0	11.0	16.0	2.8	327.7	29.1	49.0	0.0	222.1
2014.0	5.0	11.0	17.0	4.8	358.7	28.2	54.6	0.0	68.4
2014.0	5.0	11.0	18.0	3.7	37.0	28.3	54.6	0.0	39.8
2014.0	5.0	12.0	7.0	1.4	281.6	21.8	82.6	0.0	36.0
2014.0	5.0	12.0	10.0	3.1	173.2	25.9	66.5	0.0	273.4
2014.0	5.0	12.0	11.0	2.3	114.0	27.2	58.6	0.0	470.3
2014.0	5.0	12.0	12.0	2.9	102.3	28.3	54.9	0.0	499.7
2014.0	5.0	12.0	13.0	2.0	108.1	29.5	49.5	0.0	495.6
2014.0	5.0	12.0	14.0	3.7	107.4	30.1	46.3	0.0	456.5
2014.0	5.0	12.0	15.0	2.6	83.3	30.5	46.8	0.0	358.3
2014.0	5.0	12.0	16.0	4.3	356.9	29.9	49.6	0.0	60.7
2014.0	5.0	12.0	17.0	4.7	298.2	29.9	47.1	0.0	105.4
2014.0	5.0	12.0	18.0	5.4	297.7	29.0	49.0	0.0	26.2
2014.0	5.0	13.0	7.0	2.5	30.6	21.5	85.1	0.0	21.9
2014.0	5.0	13.0	10.0	3.1	81.7	25.8	68.2	0.0	368.0
2014.0	5.0	13.0	13.0	3.3	77.3	30.0	52.3	0.0	488.0
2014.0	5.0	13.0	14.0	3.5	72.3	30.8	50.3	0.0	449.2
2014.0	5.0	13.0	15.0	3.2	60.0	31.4	48.6	0.0	370.2
2014.0	5.0	13.0	16.0	4.9	62.1	32.1	46.8	0.0	267.9
2014.0	5.0	13.0	17.0	3.6	19.6	31.7	48.0	0.0	137.7
2014.0	5.0	13.0	18.0	7.1	314.8	30.1	49.1	0.0	36.9
2014.0	5.0	14.0	10.0	4.3	209.4	24.8	77.9	0.0	108.3
2014.0	5.0	14.0	13.0	3.4	100.9	27.1	68.0	0.0	255.0
2014.0	5.0	14.0	16.0	3.7	67.8	28.1	61.3	0.0	104.9
2014.0	5.0	14.0	17.0	1.5	340.0	27.9	58.2	0.0	64.3
2014.0	5.0	14.0	18.0	2.3	74.5	27.8	59.7	0.0	17.3
2014.0	5.0	15.0	7.0	0.1	335.2	22.1	85.8	0.0	18.7
2014.0	5.0	15.0	10.0	2.6	170.5	26.1	67.4	0.0	381.8
2014.0	5.0	15.0	13.0	3.3	71.6	29.9	51.1	0.0	433.9
2014.0	5.0	15.0	16.0	4.0	31.1	30.6	45.3	0.0	135.6
2014.0	5.0	16.0	7.0	2.7	93.1	21.8	89.3	0.0	10.1
2014.0	5.0	16.0	10.0	2.7	104.4	25.1	74.1	0.0	345.8
2014.0	5.0	16.0	13.0	3.4	144.4	29.0	54.4	0.0	436.3
2014.0	5.0	16.0	16.0	2.5	140.3	28.6	54.3	0.0	76.8
2014.0	5.0	17.0	7.0	1.4	261.2	21.9	85.4	0.0	9.8
2014.0	5.0	17.0	10.0	0.7	207.4	24.0	75.2	0.0	130.6
2014.0	5.0	17.0	13.0	2.0	81.6	27.2	61.1	0.0	406.0
2014.0	5.0	17.0	16.0	2.5	88.0	29.6	50.5	0.0	265.4
2014.0	5.0	18.0	7.0	0.8	96.9	22.9	81.8	0.0	17.5
2014.0	5.0	18.0	10.0	2.2	123.6	26.0	67.8	0.0	317.9
2014.0	5.0	18.0	13.0	3.3	111.4	29.1	56.5	0.0	375.7
2014.0	5.0	18.0	14.0	3.1	115.0	29.7	52.9	0.0	374.3
2014.0	5.0	18.0	15.0	2.9	62.8	30.7	49.3	0.0	385.1
2014.0	5.0	18.0	16.0	5.4	9.8	30.1	51.4	0.0	145.4
2014.0	5.0	18.0	17.0	4.4	17.6	29.8	51.5	0.0	138.8
2014.0	5.0	18.0	18.0	3.5	352.3	28.7	52.3	0.0	10.5
2014.0	5.0	19.0	7.0	1.0	148.8	21.3	87.9	0.0	22.9
2014.0	5.0	19.0	10.0	2.3	82.0	25.4	72.0	0.0	291.8
2014.0	5.0	19.0	13.0	3.1	105.1	29.7	52.8	0.0	431.2
2014.0	5.0	19.0	16.0	3.8	96.9	31.2	46.1	0.0	138.3
2014.0	5.0	20.0	7.0	1.7	213.0	22.6	85.9	0.0	9.5
2014.0	5.0	20.0	10.0	2.6	109.1	25.5	73.9	0.0	344.8
2014.0	5.0	20.0	12.0	3.4	120.4	27.6	62.2	0.0	227.5
2014.0	5.0	20.0	13.0	4.2	110.0	27.9	61.2	0.0	191.9
2014.0	5.0	20.0	14.0	4.0	90.7	28.2	60.5	0.0	265.9
2014.0	5.0	20.0	15.0	3.6	79.1	28.5	58.8	0.0	143.2
2014.0	5.0	20.0	16.0	3.4	19.2	27.9	59.3	0.0	61.1
2014.0	5.0	20.0	17.0	3.8	293.5	27.5	56.2	0.0	59.4
2014.0	5.0	20.0	18.0	2.7	37.0	27.1	59.5	0.0	19.9
2014.0	5.0	21.0	7.0	1.5	100.6	22.2	82.8	0.0	18.6
2014.0	5.0	21.0	10.0	1.1	173.3	24.8	71.1	0.0	241.3
2014.0	5.0	21.0	12.0	3.0	84.0	28.3	53.2	0.0	496.8
2014.0	5.0	21.0	13.0	3.2	91.3	29.2	49.9	0.0	495.9
2014.0	5.0	21.0	14.0	2.8	122.0	30.1	47.0	0.0	454.8
2014.0	5.0	21.0	15.0	3.2	107.4	30.6	43.8	0.0	357.9
2014.0	5.0	21.0	16.0	4.6	96.4	31.0	43.8	0.0	276.1
2014.0	5.0	21.0	17.0	5.0	115.2	30.5	44.9	0.0	88.7
2014.0	5.0	21.0	18.0	2.9	87.5	29.9	47.6	0.0	9.1
2014.0	5.0	22.0	7.0	1.6	69.9	22.2	82.2	0.0	24.3
2014.0	5.0	22.0	10.0	1.1	201.6	26.1	66.9	0.0	331.5
2014.0	5.0	22.0	13.0	3.4	21.9	29.7	53.6	0.0	508.9
2014.0	5.0	22.0	16.0	5.5	14.1	31.2	42.6	0.0	275.1
2014.0	5.0	23.0	7.0	1.3	42.3	22.7	79.5	0.0	34.6
2014.0	5.0	23.0	10.0	2.3	179.7	25.3	68.1	0.0	349.3
2014.0	5.0	23.0	13.0	3.0	101.4	28.6	52.6	0.0	379.8
2014.0	5.0	23.0	16.0	4.0	18.1	30.5	46.6	0.0	159.8
2014.0	5.0	24.0	7.0	3.8	199.9	21.6	84.6	0.0	22.7
2014.0	5.0	24.0	10.0	1.8	115.6	25.7	67.3	0.0	347.8
2014.0	5.0	24.0	13.0	2.6	56.4	29.4	54.0	0.0	468.0
2014.0	5.0	24.0	16.0	3.3	20.1	30.7	48.9	0.0	47.7
2014.0	5.0	25.0	7.0	0.9	133.3	22.7	83.3	0.0	13.5
2014.0	5.0	25.0	10.0	1.6	148.8	26.6	65.1	0.0	344.1
2014.0	5.0	25.0	13.0	3.5	85.8	29.8	51.7	0.0	410.0
2014.0	5.0	25.0	16.0	4.1	43.6	31.3	44.2	0.0	178.8
2014.0	5.0	26.0	7.0	1.1	222.0	23.0	80.6	0.0	28.8
2014.0	5.0	26.0	10.0	2.0	69.1	25.7	70.6	0.0	200.0
2014.0	5.0	26.0	13.0	1.9	101.4	27.2	63.1	0.0	113.9
2014.0	5.0	26.0	16.0	2.9	101.8	28.5	57.8	0.0	147.2
2014.0	5.0	27.0	7.0	1.6	134.7	22.5	81.9	0.0	10.5
2014.0	5.0	27.0	10.0	2.0	156.2	24.9	72.5	0.0	207.8
2014.0	5.0	27.0	12.0	2.1	155.2	27.8	60.0	0.0	301.5
2014.0	5.0	27.0	13.0	3.8	86.9	28.3	58.2	0.0	203.9
2014.0	5.0	27.0	14.0	3.0	68.9	29.3	52.9	0.0	281.9
2014.0	5.0	27.0	15.0	2.8	38.2	30.0	51.7	0.0	334.9
2014.0	5.0	27.0	16.0	4.7	36.8	30.3	51.3	0.0	243.6
2014.0	5.0	27.0	17.0	3.7	42.4	29.8	52.7	0.0	81.2
2014.0	5.0	27.0	18.0	3.2	35.7	29.1	53.3	0.0	29.7
2014.0	5.0	28.0	7.0	1.8	63.3	22.5	84.0	0.0	22.9
2014.0	5.0	28.0	10.0	3.6	95.6	26.2	66.3	0.0	282.0
2014.0	5.0	28.0	13.0	4.0	101.7	29.9	51.6	0.0	435.2
2014.0	5.0	28.0	14.0	2.6	143.1	30.2	49.5	0.0	231.7
2014.0	5.0	28.0	15.0	2.3	333.7	28.8	53.5	0.0	67.7
2014.0	5.0	28.0	16.0	5.3	301.9	26.8	55.6	0.0	68.1
2014.0	5.0	28.0	17.0	4.8	300.0	28.0	52.1	0.0	87.5
2014.0	5.0	28.0	18.0	5.2	305.8	28.1	51.8	0.0	19.4
2014.0	5.0	29.0	13.0	3.9	48.0	25.7	72.6	0.0	397.4
2014.0	5.0	29.0	14.0	4.4	54.9	26.9	65.0	0.0	330.8
2014.0	5.0	29.0	15.0	5.9	65.5	27.2	63.6	0.0	159.3
2014.0	5.0	29.0	16.0	6.5	70.0	26.8	64.8	0.0	100.9
2014.0	5.0	29.0	17.0	2.1	37.2	26.6	61.8	0.0	51.9
2014.0	5.0	29.0	18.0	3.2	271.7	25.7	62.3	0.0	9.7
2014.0	5.0	30.0	7.0	2.1	113.5	20.5	89.8	0.0	7.8
2014.0	5.0	30.0	10.0	1.3	321.9	24.7	70.0	0.0	317.9
2014.0	5.0	30.0	11.0	2.3	78.3	25.5	65.5	0.0	214.1
2014.0	5.0	30.0	12.0	3.8	69.7	26.9	59.8	0.0	509.3
2014.0	5.0	30.0	13.0	2.8	76.6	27.8	55.3	0.0	371.1
2014.0	5.0	30.0	14.0	3.4	91.6	28.7	53.0	0.0	417.9
2014.0	5.0	30.0	15.0	3.7	96.8	28.9	52.5	0.0	297.8
2014.0	5.0	30.0	16.0	4.1	89.4	29.1	52.5	0.0	136.1
2014.0	5.0	30.0	17.0	2.8	92.5	28.9	52.7	0.0	72.2
2014.0	5.0	30.0	18.0	2.1	102.4	28.7	55.9	0.25	17.5
2014.0	5.0	31.0	7.0	1.5	69.7	22.3	88.6	0.0	18.4
2014.0	5.0	31.0	10.0	2.2	153.2	25.3	74.4	0.0	292.3
2014.0	5.0	31.0	13.0	2.6	50.0	29.0	57.0	0.0	446.1
2014.0	5.0	31.0	16.0	4.0	99.6	31.2	45.0	0.0	256.5
2014.0	6.0	1.0	7.0	1.3	174.9	22.8	83.7	0.0	13.7
2014.0	6.0	1.0	9.0	4.3	221.9	24.9	74.0	0.0	214.0
2014.0	6.0	1.0	10.0	3.6	234.2	25.9	68.7	0.0	241.1
2014.0	6.0	1.0	11.0	2.1	159.1	27.0	65.0	0.0	257.6
2014.0	6.0	1.0	12.0	2.8	130.8	28.3	58.8	0.0	461.3
2014.0	6.0	1.0	13.0	3.7	114.5	29.2	55.7	0.0	320.0
2014.0	6.0	1.0	14.0	2.5	82.6	29.8	53.1	0.0	255.8
2014.0	6.0	1.0	15.0	3.4	14.6	30.4	51.7	0.0	301.0
2014.0	6.0	1.0	16.0	3.6	14.7	30.9	47.0	0.0	216.1
2014.0	6.0	1.0	17.0	3.4	16.3	30.8	45.7	0.0	136.3
2014.0	6.0	1.0	18.0	5.2	294.6	29.8	47.1	0.0	43.2
2014.0	6.0	2.0	10.0	2.0	227.3	22.9	85.2	0.0	93.2
2014.0	6.0	2.0	13.0	1.6	147.0	27.2	63.3	0.0	420.0
2014.0	6.0	2.0	15.0	2.8	75.5	28.0	60.7	0.0	122.3
2014.0	6.0	2.0	16.0	1.7	47.6	28.5	57.0	0.0	169.9
2014.0	6.0	2.0	17.0	2.0	112.4	28.8	54.1	0.0	110.8
2014.0	6.0	2.0	18.0	3.7	184.7	27.1	67.4	0.0	41.8
2014.0	6.0	3.0	7.0	1.8	225.8	22.1	89.4	0.0	14.3
2014.0	6.0	3.0	10.0	3.0	101.8	25.4	72.2	0.0	362.4
2014.0	6.0	3.0	11.0	2.9	95.4	26.6	67.1	0.0	299.3
2014.0	6.0	3.0	12.0	2.8	75.7	27.6	62.5	0.0	387.0
2014.0	6.0	3.0	13.0	3.3	92.7	28.4	60.2	0.0	332.7
2014.0	6.0	3.0	14.0	5.1	37.9	29.8	53.9	0.0	390.2
2014.0	6.0	3.0	15.0	4.4	27.7	29.8	50.9	0.0	343.2
2014.0	6.0	3.0	16.0	3.6	67.2	30.0	49.7	0.0	187.2
2014.0	6.0	3.0	17.0	3.7	64.8	30.3	48.7	0.0	108.4
2014.0	6.0	3.0	18.0	5.2	301.9	29.5	47.4	0.0	45.9
2014.0	6.0	4.0	7.0	2.8	147.6	23.0	81.8	0.0	12.7
2014.0	6.0	4.0	10.0	2.6	131.2	25.9	68.2	0.0	246.3
2014.0	6.0	4.0	13.0	3.3	84.6	29.1	54.6	0.0	416.4
2014.0	6.0	4.0	16.0	3.3	53.6	30.3	51.3	0.0	177.7
2014.0	6.0	5.0	7.0	1.3	171.5	22.3	84.0	0.0	9.3
2014.0	6.0	5.0	10.0	2.9	83.1	25.0	74.1	0.0	190.6
2014.0	6.0	5.0	13.0	4.0	119.4	29.7	53.3	0.0	437.7
2014.0	6.0	5.0	16.0	3.5	193.1	30.1	51.3	0.0	67.9
2014.0	6.0	6.0	7.0	2.4	206.5	23.2	81.5	0.0	21.4
2014.0	6.0	6.0	8.0	2.5	131.2	23.4	81.7	0.0	32.1
2014.0	6.0	6.0	9.0	2.7	131.4	24.5	75.1	0.0	124.0
2014.0	6.0	6.0	10.0	3.3	137.2	25.6	67.5	0.0	153.2
2014.0	6.0	6.0	11.0	2.9	116.1	26.1	67.4	0.0	222.6
2014.0	6.0	6.0	12.0	2.8	115.2	27.6	61.7	0.0	363.7
2014.0	6.0	6.0	13.0	3.7	97.4	29.0	56.1	0.0	436.2
2014.0	6.0	6.0	14.0	3.8	94.0	29.6	52.1	0.0	342.7
2014.0	6.0	6.0	15.0	2.5	66.0	30.2	50.8	0.0	285.8
2014.0	6.0	6.0	16.0	3.3	55.1	30.3	51.2	0.0	173.1
2014.0	6.0	6.0	17.0	3.1	137.8	29.2	57.3	0.0	49.6
2014.0	6.0	6.0	18.0	4.5	255.3	28.2	56.7	0.0	10.0
2014.0	6.0	7.0	7.0	2.5	183.8	22.5	86.9	0.0	6.8
2014.0	6.0	7.0	10.0	3.5	148.3	25.4	71.7	0.0	334.0
2014.0	6.0	7.0	13.0	3.3	92.2	28.8	55.0	0.0	292.2
2014.0	6.0	7.0	16.0	5.6	51.1	28.6	57.7	0.0	130.9
2014.0	6.0	8.0	10.0	2.0	90.6	23.7	81.7	0.0	206.8
2014.0	6.0	8.0	13.0	3.0	98.7	28.2	60.1	0.0	507.2
2014.0	6.0	8.0	16.0	3.5	91.2	29.3	53.4	0.0	127.9
2014.0	6.0	9.0	7.0	1.3	171.6	22.5	84.3	0.0	18.3
2014.0	6.0	9.0	10.0	2.7	231.7	25.6	71.5	0.0	233.4
2014.0	6.0	9.0	13.0	3.6	68.0	28.5	57.7	0.0	409.3
2014.0	6.0	9.0	16.0	4.6	51.1	30.2	50.4	0.0	120.0
2014.0	6.0	10.0	7.0	1.5	201.4	22.6	82.2	0.0	16.6
2014.0	6.0	10.0	10.0	2.2	160.7	26.2	66.3	0.0	290.7
2014.0	6.0	10.0	13.0	3.4	74.6	29.7	52.4	0.0	452.3
2014.0	6.0	10.0	16.0	4.0	99.1	31.1	47.3	0.0	210.8
2014.0	6.0	10.0	18.0	2.4	107.2	30.2	51.6	0.0	12.8
2014.0	6.0	11.0	7.0	0.5	200.0	22.6	80.4	0.0	24.7
2014.0	6.0	11.0	10.0	3.1	45.0	26.2	65.4	0.0	389.3
2014.0	6.0	11.0	13.0	3.8	84.6	30.2	49.5	0.0	465.3
2014.0	6.0	11.0	16.0	5.0	69.4	32.6	42.3	0.0	203.9
2014.0	6.0	12.0	7.0	1.5	181.1	22.1	82.9	0.0	16.6
2014.0	6.0	12.0	10.0	2.6	85.2	26.8	64.3	0.0	333.4
2014.0	6.0	12.0	13.0	3.7	44.7	31.2	45.5	0.0	451.1
2014.0	6.0	12.0	16.0	5.2	29.0	32.3	42.4	0.0	217.5
2014.0	6.0	13.0	7.0	2.6	116.1	23.2	81.6	0.0	10.9
2014.0	6.0	13.0	10.0	4.5	197.3	26.0	65.9	0.0	262.6
2014.0	6.0	13.0	13.0	4.5	104.3	29.1	56.1	0.0	251.0
2014.0	6.0	13.0	16.0	4.1	79.7	30.5	51.6	0.0	156.8
2014.0	6.0	14.0	7.0	1.5	208.6	22.8	80.7	0.0	9.3
2014.0	6.0	14.0	10.0	2.1	200.5	26.2	66.3	0.0	248.2
2014.0	6.0	14.0	12.0	1.8	169.7	29.1	54.9	0.0	358.0
2014.0	6.0	14.0	13.0	3.8	84.7	29.8	52.4	0.0	323.6
2014.0	6.0	14.0	14.0	2.4	65.8	30.6	50.3	0.0	411.6
2014.0	6.0	14.0	15.0	4.8	90.5	30.9	48.2	0.0	223.7
2014.0	6.0	14.0	16.0	3.2	87.5	30.8	48.5	0.0	119.7
2014.0	6.0	14.0	17.0	2.7	100.5	29.5	51.8	0.0	28.7
2014.0	6.0	14.0	18.0	1.5	61.2	27.3	60.6	0.0	7.3
2014.0	6.0	15.0	7.0	2.0	168.7	21.9	82.7	0.0	8.4
2014.0	6.0	15.0	10.0	2.5	171.2	24.8	73.1	0.0	281.3
2014.0	6.0	15.0	12.0	2.0	96.9	27.6	60.7	0.0	380.6
2014.0	6.0	15.0	13.0	3.3	114.0	28.7	55.5	0.0	413.8
2014.0	6.0	15.0	14.0	3.1	89.2	29.8	52.0	0.0	435.0
2014.0	6.0	15.0	15.0	4.1	88.9	30.8	48.5	0.0	356.3
2014.0	6.0	15.0	16.0	4.3	100.9	31.5	45.7	0.0	267.3
2014.0	6.0	15.0	17.0	4.0	118.9	31.8	44.0	0.0	153.3
2014.0	6.0	15.0	18.0	4.6	92.7	30.6	50.3	0.0	45.2
2014.0	6.0	16.0	7.0	2.6	123.8	22.0	72.0	0.0	8.2
2014.0	6.0	16.0	10.0	2.6	112.5	26.7	53.5	0.0	338.2
2014.0	6.0	16.0	13.0	4.0	82.0	30.3	40.6	0.0	323.7
2014.0	6.0	16.0	14.0	4.8	80.3	30.5	41.2	0.0	271.2
2014.0	6.0	16.0	15.0	4.3	95.4	30.3	43.0	0.0	215.3
2014.0	6.0	16.0	16.0	4.8	81.5	31.0	40.1	0.0	280.4
2014.0	6.0	16.0	17.0	4.7	77.4	31.0	43.5	0.0	145.7
2014.0	6.0	16.0	18.0	3.3	79.7	30.3	48.3	0.0	36.3
2014.0	6.0	17.0	7.0	2.0	156.0	22.1	74.9	0.0	21.0
2014.0	6.0	17.0	10.0	2.4	62.8	25.5	62.3	0.0	233.1
2014.0	6.0	17.0	13.0	2.8	186.2	29.9	42.5	0.0	371.3
2014.0	6.0	17.0	16.0	3.4	156.1	31.9	35.5	0.0	227.6
2014.0	6.0	17.0	17.0	4.3	178.1	31.2	39.7	0.0	99.2
2014.0	6.0	17.0	18.0	4.3	212.9	29.6	44.2	0.0	23.6
2014.0	6.0	18.0	7.0	2.6	158.1	23.0	76.2	0.0	15.3
2014.0	6.0	18.0	10.0	2.9	80.3	26.1	64.5	0.0	257.7
2014.0	6.0	18.0	12.0	4.0	82.3	28.7	49.3	0.0	289.6
2014.0	6.0	18.0	13.0	4.2	78.0	28.9	48.9	0.0	187.2
2014.0	6.0	18.0	14.0	3.2	70.5	29.7	45.7	0.0	249.2
2014.0	6.0	18.0	15.0	3.0	52.6	30.5	43.8	0.0	273.7
2014.0	6.0	18.0	16.0	4.8	81.7	31.0	41.8	0.0	244.7
2014.0	6.0	18.0	17.0	4.2	95.0	30.8	41.7	0.0	110.2
2014.0	6.0	18.0	18.0	2.5	93.5	30.5	42.5	0.0	17.9
2014.0	6.0	19.0	7.0	1.2	122.6	21.1	77.6	0.0	14.9
2014.0	6.0	19.0	10.0	2.5	63.6	26.0	61.0	0.0	248.2
2014.0	6.0	19.0	13.0	2.6	103.0	29.2	42.6	0.0	255.3
2014.0	6.0	19.0	14.0	4.7	68.1	29.8	41.5	0.0	233.9
2014.0	6.0	19.0	15.0	4.2	51.2	30.7	38.8	0.0	324.9
2014.0	6.0	19.0	16.0	4.3	60.4	31.1	38.0	0.0	269.4
2014.0	6.0	19.0	17.0	4.0	72.7	31.4	36.7	0.0	145.3
2014.0	6.0	19.0	18.0	3.0	65.7	31.1	37.0	0.0	31.0
2014.0	6.0	20.0	7.0	1.3	90.3	22.9	61.7	0.0	15.5
2014.0	6.0	20.0	10.0	1.1	326.3	26.2	47.8	0.0	274.4
2014.0	6.0	20.0	13.0	2.9	157.4	29.9	38.3	0.0	353.1
2014.0	6.0	20.0	16.0	5.4	109.3	30.5	37.4	0.0	157.4
2014.0	6.0	21.0	7.0	1.1	184.9	22.8	58.9	0.0	21.4
2014.0	6.0	21.0	10.0	3.3	82.0	25.8	55.5	0.0	200.6
2014.0	6.0	21.0	13.0	2.3	140.7	29.5	38.7	0.0	228.3
2014.0	6.0	21.0	16.0	4.8	107.8	29.4	43.8	0.0	115.6
2014.0	6.0	21.0	17.0	4.1	108.5	28.9	46.3	0.0	50.4
2014.0	6.0	21.0	18.0	3.4	108.2	28.5	49.1	0.0	28.7
2014.0	6.0	22.0	7.0	1.8	170.8	22.4	79.2	0.0	15.6
2014.0	6.0	22.0	10.0	3.2	122.5	26.0	63.4	0.0	244.7
2014.0	6.0	22.0	13.0	3.0	104.8	29.6	44.5	0.0	387.7
2014.0	6.0	22.0	16.0	4.4	77.3	30.7	43.9	0.0	120.7
2014.0	6.0	23.0	7.0	2.0	116.6	21.6	82.2	0.0	15.7
2014.0	6.0	23.0	10.0	2.0	137.2	25.6	66.0	0.0	149.4
2014.0	6.0	23.0	13.0	3.7	85.1	28.7	55.8	0.0	216.0
2014.0	6.0	23.0	16.0	4.8	82.7	29.7	52.4	0.0	106.0
2014.0	6.0	24.0	7.0	1.7	98.1	22.7	82.5	0.0	6.0
2014.0	6.0	24.0	10.0	3.1	193.8	24.7	73.9	0.0	128.7
2014.0	6.0	24.0	13.0	3.3	139.2	26.8	64.9	0.0	213.1
2014.0	6.0	24.0	16.0	1.5	191.9	26.7	63.5	9.14	17.4
2014.0	6.0	25.0	7.0	0.9	147.3	21.2	89.9	0.0	10.7
2014.0	6.0	25.0	10.0	1.2	203.0	23.6	77.0	0.0	264.1
2014.0	6.0	25.0	13.0	2.7	85.1	26.5	63.3	0.0	381.0
2014.0	6.0	25.0	16.0	5.3	43.9	26.9	63.5	0.0	142.2
2014.0	6.0	26.0	7.0	2.5	86.5	21.3	89.5	0.0	4.7
2014.0	6.0	26.0	10.0	3.0	29.5	23.0	81.4	0.0	156.5
2014.0	6.0	26.0	13.0	2.7	73.5	27.4	58.8	0.0	413.1
2014.0	6.0	26.0	16.0	3.8	95.8	28.8	53.0	0.0	187.7
2014.0	6.0	27.0	7.0	1.1	134.9	21.8	82.4	0.0	12.8
2014.0	6.0	27.0	10.0	0.9	79.8	23.9	73.5	0.0	274.8
2014.0	6.0	27.0	13.0	3.5	107.3	28.0	56.2	0.0	189.8
2014.0	6.0	27.0	16.0	2.4	35.7	29.4	50.7	0.0	194.0
2014.0	6.0	28.0	7.0	1.8	143.3	21.3	84.4	0.0	4.2
2014.0	6.0	28.0	10.0	2.2	179.9	25.1	66.1	0.0	306.0
2014.0	6.0	28.0	11.0	3.1	152.0	26.7	59.3	0.0	408.6
2014.0	6.0	28.0	12.0	2.2	89.1	27.9	55.4	0.0	469.6
2014.0	6.0	28.0	13.0	2.9	118.6	28.9	50.9	0.0	365.7
2014.0	6.0	28.0	14.0	3.9	60.9	29.8	46.5	0.0	378.4
2014.0	6.0	28.0	15.0	3.9	75.9	30.6	41.7	0.0	351.4
2014.0	6.0	28.0	16.0	3.2	64.7	31.2	39.8	0.0	270.1
2014.0	6.0	28.0	17.0	3.8	70.6	31.6	37.3	0.0	164.3
2014.0	6.0	28.0	18.0	4.1	72.2	31.1	40.8	0.0	48.3
2014.0	6.0	29.0	7.0	1.9	163.5	22.8	82.8	0.0	10.8
2014.0	6.0	29.0	8.0	1.1	66.9	23.6	74.1	0.0	46.3
2014.0	6.0	29.0	9.0	3.3	95.6	24.4	69.7	0.0	146.7
2014.0	6.0	29.0	10.0	1.8	90.0	26.1	58.3	0.0	187.7
2014.0	6.0	29.0	11.0	1.9	37.7	27.3	53.3	0.0	279.6
2014.0	6.0	29.0	12.0	3.3	96.5	29.0	48.4	0.0	384.8
2014.0	6.0	29.0	13.0	3.5	89.0	29.9	47.3	0.0	322.8
2014.0	6.0	29.0	14.0	3.2	75.2	31.6	43.2	0.0	429.9
2014.0	6.0	29.0	15.0	3.3	97.2	32.1	40.9	0.0	285.1
2014.0	6.0	29.0	16.0	4.3	87.7	32.9	39.8	0.0	313.9
2014.0	6.0	29.0	17.0	4.6	14.6	32.3	41.6	0.0	81.8
2014.0	6.0	29.0	18.0	7.5	297.2	30.4	47.7	0.0	48.4
2014.0	6.0	30.0	7.0	1.8	114.0	23.1	81.1	0.0	13.4
2014.0	6.0	30.0	8.0	2.4	154.8	23.2	81.6	0.0	68.5
2014.0	6.0	30.0	9.0	3.9	187.4	23.9	75.6	0.0	119.4
2014.0	6.0	30.0	10.0	1.4	262.3	24.8	71.4	0.0	197.6
2014.0	6.0	30.0	11.0	1.4	107.1	26.6	62.6	0.0	367.2
2014.0	6.0	30.0	12.0	2.0	158.2	28.0	57.1	0.0	299.5
2014.0	6.0	30.0	13.0	3.3	106.2	28.7	54.0	0.0	352.7
2014.0	6.0	30.0	14.0	2.2	162.0	29.8	49.5	0.0	423.4
2014.0	6.0	30.0	15.0	4.0	185.2	30.5	47.1	0.0	290.6
2014.0	6.0	30.0	16.0	3.7	175.5	30.2	47.4	0.0	112.3
2014.0	6.0	30.0	17.0	2.4	173.3	29.9	48.6	0.0	63.0
2014.0	6.0	30.0	18.0	4.6	292.9	29.1	51.7	0.0	25.8
2014.0	7.0	1.0	7.0	2.1	130.7	21.5	81.0	0.0	5.6
2014.0	7.0	1.0	8.0	1.3	130.1	22.0	79.1	0.0	80.4
2014.0	7.0	1.0	9.0	1.6	164.1	24.0	71.9	0.0	223.8
2014.0	7.0	1.0	10.0	2.3	171.2	26.1	61.0	0.0	341.6
2014.0	7.0	1.0	11.0	2.1	108.0	27.5	56.6	0.0	408.7
2014.0	7.0	1.0	12.0	2.8	79.6	28.5	53.1	0.0	389.2
2014.0	7.0	1.0	13.0	2.9	90.0	29.4	49.8	0.0	439.6
2014.0	7.0	1.0	14.0	3.4	101.0	30.3	46.9	0.0	381.2
2014.0	7.0	1.0	15.0	3.6	66.9	30.9	45.4	0.0	327.3
2014.0	7.0	1.0	16.0	4.1	45.7	31.5	44.4	0.0	255.7
2014.0	7.0	1.0	17.0	7.3	301.2	30.7	46.2	0.0	151.5
2014.0	7.0	1.0	18.0	6.9	298.5	29.7	47.8	0.0	23.7
2014.0	7.0	2.0	7.0	0.9	47.0	22.3	84.1	0.0	4.2
2014.0	7.0	2.0	8.0	3.4	89.3	22.0	85.7	0.0	50.3
2014.0	7.0	2.0	9.0	2.8	103.8	22.8	82.3	0.0	144.2
2014.0	7.0	2.0	10.0	3.1	188.1	24.2	75.3	0.0	206.0
2014.0	7.0	2.0	11.0	3.1	163.5	25.1	71.3	0.0	230.6
2014.0	7.0	2.0	12.0	2.6	174.0	26.4	65.4	0.0	355.6
2014.0	7.0	2.0	13.0	2.4	171.2	27.7	58.2	0.0	477.6
2014.0	7.0	2.0	14.0	3.3	156.1	28.5	53.6	0.0	250.8
2014.0	7.0	2.0	15.0	2.1	114.4	29.2	51.3	0.0	363.1
2014.0	7.0	2.0	16.0	2.1	141.3	29.8	49.5	0.0	256.8
2014.0	7.0	2.0	17.0	3.5	123.1	29.7	49.5	0.0	92.6
2014.0	7.0	2.0	18.0	3.0	169.4	29.4	50.2	0.0	11.1
2014.0	7.0	3.0	7.0	1.9	41.9	21.3	85.4	0.0	6.3
2014.0	7.0	3.0	8.0	2.1	108.3	21.8	84.1	0.0	46.8
2014.0	7.0	3.0	9.0	2.5	100.8	22.9	81.7	0.0	96.9
2014.0	7.0	3.0	10.0	1.9	88.8	25.2	69.3	0.0	320.2
2014.0	7.0	3.0	11.0	2.5	79.6	27.0	61.9	0.0	409.7
2014.0	7.0	3.0	12.0	2.2	145.2	28.5	56.7	0.0	455.1
2014.0	7.0	3.0	13.0	3.5	94.1	29.8	51.5	0.0	448.5
2014.0	7.0	3.0	14.0	2.4	80.2	30.6	49.5	0.0	415.6
2014.0	7.0	3.0	15.0	3.3	66.5	31.3	48.1	0.0	340.1
2014.0	7.0	3.0	16.0	3.5	319.2	31.6	43.8	0.0	187.7
2014.0	7.0	3.0	17.0	6.7	291.1	31.5	41.8	0.0	162.0
2014.0	7.0	3.0	18.0	7.7	301.8	29.7	47.8	0.0	48.9
2014.0	7.0	4.0	8.0	1.4	180.8	23.1	78.4	0.0	44.5
2014.0	7.0	4.0	9.0	2.6	143.4	24.0	74.8	0.0	84.6
2014.0	7.0	4.0	10.0	2.6	219.0	25.4	68.3	0.0	266.3
2014.0	7.0	4.0	11.0	1.7	180.7	26.7	62.2	0.0	290.8
2014.0	7.0	4.0	12.0	2.6	151.1	28.3	53.7	0.0	387.8
2014.0	7.0	4.0	13.0	4.2	114.9	28.8	53.1	0.0	259.3
2014.0	7.0	4.0	14.0	3.9	112.3	29.4	50.3	0.0	314.8
2014.0	7.0	4.0	15.0	2.2	54.5	29.6	50.4	0.0	231.9
2014.0	7.0	4.0	16.0	1.2	202.1	29.5	51.8	0.0	114.8
2014.0	7.0	4.0	17.0	3.5	284.8	29.9	47.2	0.0	174.5
2014.0	7.0	4.0	18.0	4.9	289.0	29.7	46.2	0.0	44.1
2014.0	7.0	5.0	7.0	2.5	31.2	22.4	85.0	0.0	4.7
2014.0	7.0	5.0	10.0	1.4	282.4	24.9	73.3	0.0	362.8
2014.0	7.0	5.0	13.0	3.1	76.3	29.1	54.0	0.0	494.9
2014.0	7.0	5.0	16.0	3.2	31.4	30.6	49.1	0.0	202.4
2014.0	7.0	6.0	7.0	1.6	178.2	23.2	78.6	0.0	6.8
2014.0	7.0	6.0	10.0	1.2	206.4	24.3	76.3	0.0	162.7
2014.0	7.0	6.0	11.0	0.7	121.2	25.8	67.9	0.0	329.9
2014.0	7.0	6.0	12.0	2.0	98.6	27.5	59.6	0.0	392.5
2014.0	7.0	6.0	13.0	2.5	129.4	29.0	54.3	0.0	342.6
2014.0	7.0	6.0	14.0	2.7	101.1	29.8	49.6	0.0	260.8
2014.0	7.0	6.0	15.0	3.3	89.8	29.8	49.9	0.0	179.6
2014.0	7.0	6.0	16.0	2.7	60.2	30.5	47.5	0.0	212.3
2014.0	7.0	6.0	17.0	2.8	88.5	30.4	48.7	0.0	93.3
2014.0	7.0	6.0	18.0	2.4	285.6	29.8	47.6	0.0	21.4
2014.0	7.0	7.0	7.0	1.3	183.6	21.6	82.1	0.0	4.5
2014.0	7.0	7.0	10.0	2.9	194.2	25.2	67.5	0.0	288.9
2014.0	7.0	7.0	11.0	2.6	186.5	26.5	62.6	0.0	324.4
2014.0	7.0	7.0	12.0	3.2	166.6	27.4	58.2	0.0	280.8
2014.0	7.0	7.0	13.0	3.3	95.6	28.5	54.6	0.0	431.9
2014.0	7.0	7.0	14.0	2.7	93.9	29.7	50.9	0.0	423.7
2014.0	7.0	7.0	15.0	2.9	101.5	30.5	45.9	0.0	351.9
2014.0	7.0	7.0	16.0	2.3	102.0	31.1	45.4	0.0	210.1
2014.0	7.0	7.0	17.0	3.5	72.0	31.0	48.0	0.0	105.1
2014.0	7.0	7.0	18.0	2.4	342.9	30.6	45.3	0.0	50.1
2014.0	7.0	8.0	7.0	1.4	79.2	22.4	85.8	0.0	18.4
2014.0	7.0	8.0	10.0	2.5	219.3	25.9	68.7	0.0	309.1
2014.0	7.0	8.0	13.0	1.6	54.8	29.8	48.9	0.0	453.5
2014.0	7.0	8.0	14.0	3.1	91.8	31.1	43.0	0.0	429.3
2014.0	7.0	8.0	15.0	3.6	57.7	31.8	40.0	0.0	332.7
2014.0	7.0	8.0	16.0	5.4	62.4	32.1	39.6	0.0	175.0
2014.0	7.0	8.0	17.0	5.4	72.8	31.7	42.6	0.0	125.3
2014.0	7.0	8.0	18.0	4.0	45.8	31.1	44.3	0.0	28.8
2014.0	7.0	9.0	7.0	0.9	120.0	22.2	77.4	0.0	11.0
2014.0	7.0	9.0	10.0	1.9	109.3	26.7	61.3	0.0	325.6
2014.0	7.0	9.0	13.0	3.5	83.4	31.7	39.1	0.0	466.3
2014.0	7.0	9.0	16.0	4.0	31.4	32.6	37.1	0.0	136.0
2014.0	7.0	10.0	7.0	1.2	98.2	22.1	72.9	0.0	7.4
2014.0	7.0	10.0	10.0	2.7	90.1	25.5	62.7	0.0	325.9
2014.0	7.0	10.0	13.0	3.0	161.8	29.5	49.2	0.0	299.9
2014.0	7.0	10.0	16.0	4.1	63.6	30.6	44.0	0.0	141.1
2014.0	7.0	11.0	7.0	1.2	140.4	22.2	81.2	0.0	16.3
2014.0	7.0	11.0	10.0	1.9	148.9	26.3	65.4	0.0	313.9
2014.0	7.0	11.0	13.0	1.4	43.9	29.7	50.4	0.0	447.8
2014.0	7.0	11.0	16.0	2.7	88.1	32.6	36.7	0.0	250.5
2014.0	7.0	12.0	7.0	1.1	168.5	21.5	76.2	0.0	19.2
2014.0	7.0	12.0	10.0	1.5	188.1	27.1	47.0	0.0	333.8
2014.0	7.0	12.0	13.0	1.5	132.5	31.0	38.2	0.0	466.6
2014.0	7.0	12.0	16.0	3.7	130.4	33.3	32.7	0.0	205.8
2014.0	7.0	13.0	7.0	0.9	187.7	23.2	71.2	0.0	12.0
2014.0	7.0	13.0	10.0	1.2	119.3	26.1	55.1	0.0	246.7
2014.0	7.0	13.0	13.0	2.0	88.2	29.4	41.9	0.0	308.8
2014.0	7.0	13.0	16.0	3.5	106.2	31.2	37.5	0.0	201.2
2014.0	7.0	14.0	7.0	0.7	181.2	22.9	76.7	0.0	10.1
2014.0	7.0	14.0	10.0	1.3	181.2	26.1	63.9	0.0	245.6
2014.0	7.0	14.0	13.0	1.8	53.9	30.2	44.7	0.0	403.0
2014.0	7.0	14.0	16.0	4.9	64.3	31.4	41.3	0.0	154.1
2014.0	7.0	15.0	7.0	1.5	111.9	23.1	81.6	0.25	11.6
2014.0	7.0	15.0	10.0	1.0	185.7	26.5	61.5	0.0	220.7
2014.0	7.0	15.0	13.0	2.6	69.7	29.1	47.4	0.0	268.5
2014.0	7.0	15.0	16.0	2.0	40.9	30.1	43.6	0.0	183.6
2014.0	7.0	15.0	18.0	3.3	74.9	29.8	51.9	0.0	37.8
2014.0	7.0	16.0	7.0	1.5	231.1	23.3	77.2	0.0	12.5
2014.0	7.0	16.0	10.0	0.8	100.3	25.9	65.7	0.0	228.6
2014.0	7.0	16.0	13.0	1.4	109.4	30.3	50.8	0.0	412.8
2014.0	7.0	16.0	16.0	2.1	165.7	32.4	43.6	0.0	220.2
2014.0	7.0	17.0	7.0	1.9	110.3	22.5	78.2	0.0	18.3
2014.0	7.0	17.0	10.0	2.4	99.3	26.5	57.8	0.0	301.2
2014.0	7.0	17.0	13.0	2.7	50.2	30.6	46.4	0.0	391.0
2014.0	7.0	17.0	16.0	3.6	58.1	32.1	41.4	0.0	112.4
2014.0	7.0	18.0	7.0	1.4	181.4	23.4	81.5	0.0	20.7
2014.0	7.0	18.0	10.0	2.2	151.3	26.8	64.3	0.0	322.0
2014.0	7.0	18.0	13.0	3.1	83.8	30.8	41.0	0.0	405.5
2014.0	7.0	18.0	16.0	2.5	117.6	33.4	31.3	0.0	222.4
2014.0	7.0	19.0	7.0	1.6	141.7	20.2	78.1	0.0	21.1
2014.0	7.0	19.0	10.0	2.8	91.6	25.8	61.3	0.0	330.2
2014.0	7.0	19.0	13.0	2.0	145.1	31.3	37.4	0.0	466.3
2014.0	7.0	19.0	16.0	2.0	294.0	34.2	28.5	0.0	238.7
2014.0	7.0	20.0	7.0	2.0	141.8	22.3	70.5	0.0	24.8
2014.0	7.0	20.0	10.0	3.0	102.1	26.9	56.3	0.0	317.3
2014.0	7.0	20.0	13.0	3.0	73.5	30.8	43.1	0.0	444.3
2014.0	7.0	20.0	16.0	5.6	24.2	32.0	40.8	0.0	183.8
2014.0	7.0	21.0	7.0	2.8	152.4	22.3	77.0	0.0	12.7
2014.0	7.0	21.0	10.0	2.5	192.2	26.3	59.4	0.0	276.5
2014.0	7.0	21.0	11.0	3.0	107.7	27.5	57.0	0.0	340.1
2014.0	7.0	21.0	12.0	3.3	84.0	28.7	53.0	0.0	282.4
2014.0	7.0	21.0	13.0	2.5	75.6	29.3	51.0	0.0	277.9
2014.0	7.0	21.0	14.0	1.8	174.5	30.5	45.7	0.0	356.5
2014.0	7.0	21.0	15.0	2.6	146.9	31.6	39.6	0.0	313.3
2014.0	7.0	21.0	16.0	3.5	42.6	31.8	41.4	0.0	181.3
2014.0	7.0	21.0	17.0	5.0	20.6	30.6	47.0	0.0	60.8
2014.0	7.0	21.0	18.0	3.6	1.8	30.0	49.1	0.0	17.9
2014.0	7.0	22.0	7.0	1.4	235.8	22.6	79.0	0.0	15.2
2014.0	7.0	22.0	10.0	2.7	177.0	26.6	62.8	0.0	323.1
2014.0	7.0	22.0	13.0	3.8	153.5	30.6	44.4	0.0	451.3
2014.0	7.0	22.0	16.0	5.6	58.6	31.9	39.3	0.0	221.6
2014.0	7.0	23.0	7.0	1.5	159.5	22.4	76.1	0.0	11.7
2014.0	7.0	23.0	10.0	2.4	169.1	26.5	57.3	0.0	232.3
2014.0	7.0	23.0	13.0	2.3	77.1	31.1	41.3	0.0	462.9
2014.0	7.0	23.0	16.0	4.8	343.8	32.4	40.8	0.0	103.9
2014.0	7.0	24.0	7.0	2.9	126.1	20.8	84.1	0.0	18.9
2014.0	7.0	24.0	10.0	2.7	108.9	26.2	63.7	0.0	325.1
2014.0	7.0	24.0	13.0	2.1	38.5	31.2	43.1	0.0	449.6
2014.0	7.0	24.0	16.0	4.3	49.0	34.0	32.8	0.0	274.4
2014.0	7.0	25.0	7.0	2.4	161.7	21.3	77.4	0.0	18.4
2014.0	7.0	25.0	10.0	3.1	126.3	27.1	58.1	0.0	283.6
2014.0	7.0	25.0	13.0	2.7	68.1	31.7	39.2	0.0	435.2
2014.0	7.0	25.0	16.0	4.5	322.7	33.8	29.7	0.0	241.7
2014.0	7.0	26.0	7.0	1.9	123.1	22.6	76.1	0.0	8.9
2014.0	7.0	26.0	10.0	3.3	174.6	25.2	62.8	0.0	158.6
2014.0	7.0	26.0	11.0	2.3	132.2	26.5	58.2	0.0	276.5
2014.0	7.0	26.0	12.0	1.7	154.9	28.5	52.0	0.0	387.5
2014.0	7.0	26.0	13.0	2.7	163.4	29.6	45.6	0.0	361.8
2014.0	7.0	26.0	14.0	4.3	161.8	30.2	43.6	0.0	248.7
2014.0	7.0	26.0	15.0	3.3	168.4	30.4	41.2	0.0	209.6
2014.0	7.0	26.0	16.0	3.6	81.8	30.4	43.0	0.0	131.4
2014.0	7.0	26.0	17.0	2.9	41.4	30.0	45.0	0.0	70.4
2014.0	7.0	26.0	18.0	4.9	294.7	29.3	45.3	0.0	49.8
2014.0	7.0	27.0	10.0	1.9	77.4	25.1	66.1	0.0	308.5
2014.0	7.0	27.0	11.0	3.6	75.9	26.6	56.7	0.0	301.5
2014.0	7.0	27.0	12.0	2.2	74.3	27.8	51.6	0.0	330.5
2014.0	7.0	27.0	13.0	3.6	101.1	28.6	49.8	0.0	272.9
2014.0	7.0	27.0	14.0	3.1	98.7	29.5	46.8	0.0	294.5
2014.0	7.0	27.0	15.0	3.3	39.5	30.2	45.6	0.0	204.2
2014.0	7.0	27.0	16.0	4.9	64.0	30.5	45.5	0.0	143.5
2014.0	7.0	27.0	17.0	3.7	29.5	30.5	43.3	0.0	70.0
2014.0	7.0	27.0	18.0	3.4	316.8	29.7	44.2	0.0	24.7
2014.0	7.0	28.0	7.0	2.0	167.3	21.3	81.7	0.0	12.8
2014.0	7.0	28.0	10.0	2.6	141.5	25.9	62.2	0.0	296.7
2014.0	7.0	28.0	13.0	2.1	88.7	31.3	41.7	0.0	465.0
2014.0	7.0	28.0	16.0	5.1	297.4	33.7	31.8	0.0	215.3
2014.0	7.0	29.0	7.0	1.6	87.7	21.5	79.5	0.0	23.0
2014.0	7.0	29.0	10.0	0.3	274.6	26.2	60.0	0.0	246.1
2014.0	7.0	29.0	13.0	2.0	160.6	31.1	41.0	0.0	379.3
2014.0	7.0	29.0	16.0	3.6	94.0	33.4	31.7	0.0	228.7
2014.0	7.0	30.0	7.0	1.4	144.0	22.3	68.8	0.0	14.2
2014.0	7.0	30.0	10.0	2.5	162.6	26.9	55.0	0.0	368.6
2014.0	7.0	30.0	13.0	1.8	96.6	31.1	39.3	0.0	444.6
2014.0	7.0	30.0	16.0	1.4	175.7	33.5	28.6	0.0	116.5
2014.0	7.0	31.0	7.0	1.5	117.5	20.9	77.9	0.0	4.2
2014.0	7.0	31.0	10.0	2.4	180.4	25.0	58.6	0.0	324.9
2014.0	7.0	31.0	12.0	1.3	186.1	29.2	42.7	0.0	456.4
2014.0	7.0	31.0	13.0	1.8	157.1	31.3	37.5	0.0	464.8
2014.0	7.0	31.0	14.0	2.3	65.7	32.8	33.5	0.0	425.0
2014.0	7.0	31.0	15.0	3.8	64.7	33.7	30.0	0.0	292.2
2014.0	7.0	31.0	16.0	3.4	25.6	33.8	29.7	0.0	167.9
2014.0	7.0	31.0	17.0	8.4	296.5	30.9	42.1	0.0	52.6
2014.0	7.0	31.0	18.0	7.0	304.0	29.3	46.5	0.0	22.0
2014.0	8.0	1.0	7.0	1.7	135.0	20.9	77.4	0.0	27.2
2014.0	8.0	1.0	10.0	0.8	334.5	25.0	63.3	0.0	228.9
2014.0	8.0	1.0	13.0	2.0	12.2	29.3	46.8	0.0	278.9
2014.0	8.0	1.0	16.0	4.0	100.5	30.8	37.5	0.0	210.7
2014.0	8.0	2.0	7.0	1.7	184.5	20.6	82.5	0.0	12.2
2014.0	8.0	2.0	8.0	1.8	81.6	22.2	75.0	0.0	56.8
2014.0	8.0	2.0	9.0	2.3	42.1	23.5	71.3	0.0	101.5
2014.0	8.0	2.0	10.0	1.6	105.6	24.7	67.0	0.0	218.1
2014.0	8.0	2.0	11.0	1.8	122.1	26.5	58.6	0.0	321.6
2014.0	8.0	2.0	12.0	3.1	92.4	27.5	54.8	0.0	202.6
2014.0	8.0	2.0	13.0	3.5	103.6	28.2	52.2	0.0	349.3
2014.0	8.0	2.0	14.0	3.1	95.2	29.1	48.5	0.0	281.9
2014.0	8.0	2.0	15.0	3.9	102.1	29.5	45.8	0.0	143.2
2014.0	8.0	2.0	16.0	3.4	109.8	29.4	45.6	0.0	78.2
2014.0	8.0	2.0	17.0	2.5	95.4	29.3	45.2	0.0	34.4
2014.0	8.0	2.0	18.0	3.1	81.0	29.1	47.1	0.0	15.6
2014.0	8.0	3.0	7.0	2.2	174.8	19.6	72.6	0.0	10.6
2014.0	8.0	3.0	10.0	1.8	196.8	24.2	58.8	0.0	260.5
2014.0	8.0	3.0	13.0	1.3	186.3	29.5	38.3	0.0	425.7
2014.0	8.0	3.0	16.0	5.1	50.6	31.2	35.6	0.0	92.9
2014.0	8.0	4.0	7.0	2.4	165.3	21.1	77.1	0.0	13.5
2014.0	8.0	4.0	10.0	3.0	181.8	26.0	57.8	0.0	321.7
2014.0	8.0	4.0	13.0	2.7	95.5	30.5	40.2	0.0	398.3
2014.0	8.0	4.0	16.0	2.5	88.5	31.9	38.2	0.0	185.8
2014.0	8.0	5.0	7.0	0.6	78.9	22.5	75.8	0.0	8.8
2014.0	8.0	5.0	10.0	4.5	198.7	25.6	61.9	0.0	286.7
2014.0	8.0	5.0	13.0	2.8	178.5	27.9	52.6	0.0	181.5
2014.0	8.0	5.0	16.0	2.2	41.8	28.2	52.5	0.0	103.0
2014.0	8.0	6.0	7.0	2.9	119.9	22.5	76.8	0.0	8.8
2014.0	8.0	6.0	10.0	3.6	193.6	25.3	65.6	0.0	331.8
2014.0	8.0	6.0	13.0	2.9	160.8	29.5	45.9	0.0	267.4
2014.0	8.0	6.0	16.0	1.7	237.6	29.7	47.7	0.0	202.2
2014.0	8.0	7.0	10.0	2.2	159.1	25.0	67.6	0.0	351.0
2014.0	8.0	7.0	13.0	1.9	64.5	28.9	49.3	0.0	464.0
2014.0	8.0	7.0	16.0	3.0	94.5	31.2	37.0	0.0	201.6
2014.0	8.0	8.0	7.0	1.8	140.4	21.1	81.0	0.0	16.7
2014.0	8.0	8.0	10.0	2.5	158.9	24.6	66.4	0.0	283.9
2014.0	8.0	8.0	12.0	2.3	121.2	27.4	53.6	0.0	378.6
2014.0	8.0	8.0	13.0	3.9	108.5	28.6	46.9	0.0	257.3
2014.0	8.0	8.0	14.0	2.5	77.0	29.4	45.9	0.0	390.4
2014.0	8.0	8.0	15.0	4.8	48.9	30.2	43.4	0.0	374.3
2014.0	8.0	8.0	16.0	5.0	57.1	30.6	44.1	0.0	176.3
2014.0	8.0	8.0	17.0	2.7	1.1	30.2	45.6	0.0	89.3
2014.0	8.0	8.0	18.0	3.6	341.2	29.9	44.8	0.0	52.6
2014.0	8.0	9.0	7.0	1.0	314.0	22.3	83.9	0.0	8.7
2014.0	8.0	9.0	10.0	3.0	87.3	24.9	70.7	0.0	189.0
2014.0	8.0	9.0	13.0	3.2	97.4	28.0	52.1	0.0	261.3
2014.0	8.0	9.0	16.0	4.0	105.3	30.7	41.6	0.0	238.6
2014.0	8.0	10.0	7.0	2.1	165.4	22.0	77.1	0.0	11.9
2014.0	8.0	10.0	10.0	3.4	172.0	25.7	63.6	0.0	335.7
2014.0	8.0	10.0	13.0	4.3	58.5	28.8	50.9	0.0	356.3
2014.0	8.0	10.0	16.0	3.6	44.5	30.5	43.8	0.0	124.0
2014.0	8.0	11.0	7.0	2.2	176.5	22.0	82.7	0.0	4.2
2014.0	8.0	11.0	10.0	3.5	143.3	24.7	69.9	0.0	299.3
2014.0	8.0	11.0	13.0	0.9	184.4	28.8	51.0	0.0	480.8
2014.0	8.0	11.0	16.0	2.0	58.3	30.8	42.6	0.0	141.0
2014.0	8.0	12.0	10.0	2.9	97.0	24.6	67.4	0.0	257.0
2014.0	8.0	12.0	13.0	2.3	140.5	28.5	52.3	0.0	280.5
2014.0	8.0	12.0	16.0	1.1	52.0	28.9	51.6	0.0	238.9
2014.0	8.0	13.0	7.0	0.9	100.9	21.6	74.8	0.0	11.4
2014.0	8.0	13.0	10.0	0.4	170.6	24.7	66.3	0.0	361.8
2014.0	8.0	13.0	13.0	3.5	115.1	28.9	49.1	0.0	484.9
2014.0	8.0	13.0	16.0	5.3	78.3	30.8	41.0	0.0	267.7
2014.0	8.0	14.0	7.0	0.9	44.9	21.9	83.1	0.0	11.9
2014.0	8.0	14.0	10.0	1.8	143.2	25.4	66.6	0.0	299.4
2014.0	8.0	14.0	13.0	2.5	25.6	29.4	46.2	0.0	331.8
2014.0	8.0	14.0	16.0	3.0	125.1	32.5	31.7	0.0	291.1
2014.0	8.0	15.0	7.0	2.4	187.0	20.9	74.0	0.0	22.4
2014.0	8.0	15.0	10.0	2.9	86.9	26.5	52.3	0.0	344.5
2014.0	8.0	15.0	13.0	1.8	145.9	31.4	37.8	0.0	476.0
2014.0	8.0	15.0	16.0	1.0	342.8	34.3	28.9	0.0	253.9
2014.0	8.0	16.0	7.0	2.3	141.7	22.4	77.2	0.0	18.0
2014.0	8.0	16.0	10.0	2.2	122.6	26.6	57.4	0.0	297.1
2014.0	8.0	16.0	13.0	2.3	89.1	30.2	43.9	0.0	488.6
2014.0	8.0	16.0	16.0	3.2	131.3	33.5	30.0	0.0	160.4
2014.0	8.0	17.0	7.0	2.2	199.4	23.4	68.8	0.0	28.5
2014.0	8.0	17.0	10.0	2.8	144.7	26.5	59.1	0.0	172.7
2014.0	8.0	17.0	13.0	3.7	98.8	29.4	46.2	0.0	222.7
2014.0	8.0	17.0	16.0	3.1	96.3	30.5	39.0	0.0	220.5
2014.0	8.0	17.0	17.0	3.3	63.5	30.8	38.1	0.0	145.9
2014.0	8.0	17.0	18.0	2.8	39.4	30.4	40.1	0.0	33.4
2014.0	8.0	18.0	7.0	0.8	157.4	23.1	64.5	0.0	11.7
2014.0	8.0	18.0	10.0	2.9	206.4	25.9	57.3	0.0	315.3
2014.0	8.0	18.0	13.0	1.7	43.1	30.2	39.6	0.0	440.3
2014.0	8.0	18.0	16.0	1.8	53.0	31.9	34.4	0.0	183.9
2014.0	8.0	19.0	7.0	1.9	210.9	22.9	65.8	0.0	9.3
2014.0	8.0	19.0	10.0	2.9	66.3	26.5	57.3	0.0	347.5
2014.0	8.0	19.0	11.0	2.5	180.7	28.8	41.1	0.0	432.8
2014.0	8.0	19.0	13.0	5.0	188.6	32.1	27.1	0.0	481.3
2014.0	8.0	19.0	14.0	3.2	171.8	32.8	25.5	0.0	438.5
2014.0	8.0	19.0	15.0	2.9	159.2	33.4	22.9	0.0	405.7
2014.0	8.0	19.0	16.0	3.2	157.8	33.8	22.0	0.0	308.5
2014.0	8.0	19.0	17.0	8.7	217.3	32.7	23.6	0.0	59.7
2014.0	8.0	19.0	18.0	6.1	227.0	31.4	27.4	0.0	20.3
2014.0	8.0	20.0	7.0	1.1	166.2	21.4	63.1	0.0	16.4
2014.0	8.0	20.0	10.0	1.0	158.5	26.2	42.3	0.0	339.3
2014.0	8.0	20.0	13.0	1.4	97.9	30.8	32.8	0.0	498.6
2014.0	8.0	20.0	16.0	5.2	82.1	31.9	30.9	0.0	166.9
2014.0	8.0	21.0	7.0	2.4	105.9	20.8	71.1	0.0	21.5
2014.0	8.0	21.0	16.0	4.9	26.2	31.0	37.3	0.0	164.3
2014.0	8.0	22.0	7.0	2.8	110.4	20.4	81.4	0.0	12.0
2014.0	8.0	22.0	8.0	2.6	171.2	21.4	78.2	0.0	103.7
2014.0	8.0	22.0	9.0	2.7	164.7	23.4	69.1	0.0	168.8
2014.0	8.0	22.0	10.0	3.4	118.3	24.9	62.8	0.0	238.8
2014.0	8.0	22.0	11.0	0.6	65.8	26.5	57.0	0.0	355.9
2014.0	8.0	22.0	12.0	2.7	21.2	28.5	49.3	0.0	433.2
2014.0	8.0	22.0	13.0	3.6	89.8	29.6	44.0	0.0	369.7
2014.0	8.0	22.0	14.0	4.1	57.1	30.4	42.0	0.0	244.4
2014.0	8.0	22.0	15.0	4.5	306.4	30.7	40.1	0.0	236.5
2014.0	8.0	22.0	16.0	6.3	303.4	30.3	40.2	0.0	170.2
2014.0	8.0	22.0	17.0	7.0	285.3	30.1	41.1	0.0	137.1
2014.0	8.0	22.0	18.0	8.0	287.6	28.7	45.7	0.0	58.6
2014.0	8.0	23.0	7.0	1.3	179.0	22.6	75.2	0.0	8.5
2014.0	8.0	23.0	8.0	3.0	83.7	22.8	77.2	0.0	48.9
2014.0	8.0	23.0	9.0	3.1	100.6	23.4	73.4	0.0	86.7
2014.0	8.0	23.0	10.0	3.1	80.0	24.9	66.1	0.0	279.9
2014.0	8.0	23.0	11.0	2.0	36.7	26.7	56.9	0.0	441.6
2014.0	8.0	23.0	12.0	2.0	78.8	28.3	50.2	0.0	513.9
2014.0	8.0	23.0	13.0	2.9	100.3	29.5	46.7	0.0	386.6
2014.0	8.0	23.0	14.0	4.2	77.8	29.6	45.9	0.0	274.1
2014.0	8.0	23.0	15.0	6.8	66.6	29.7	46.7	0.0	179.9
2014.0	8.0	23.0	16.0	6.2	67.5	30.0	45.2	0.0	218.5
2014.0	8.0	23.0	17.0	2.2	341.9	30.1	42.5	0.0	129.5
2014.0	8.0	23.0	18.0	6.5	290.7	29.0	44.1	0.0	21.1
2014.0	8.0	24.0	7.0	2.2	201.6	22.9	72.7	0.0	12.0
2014.0	8.0	24.0	8.0	1.8	163.9	23.5	69.5	0.0	87.2
2014.0	8.0	24.0	9.0	2.3	127.6	24.9	64.7	0.0	238.5
2014.0	8.0	24.0	10.0	1.7	175.6	26.3	58.0	0.0	332.5
2014.0	8.0	24.0	11.0	1.1	55.2	27.9	51.9	0.0	420.1
2014.0	8.0	24.0	12.0	3.4	67.2	29.1	47.7	0.0	349.9
2014.0	8.0	24.0	13.0	3.9	74.4	30.3	43.8	0.0	343.9
2014.0	8.0	24.0	14.0	4.0	89.8	31.2	40.7	0.0	251.2
2014.0	8.0	24.0	15.0	4.1	18.4	31.8	39.5	0.0	262.6
2014.0	8.0	24.0	16.0	4.0	26.7	31.6	40.0	0.0	152.5
2014.0	8.0	24.0	17.0	5.4	295.0	30.6	42.0	0.0	74.4
2014.0	8.0	24.0	18.0	6.3	292.1	29.1	46.3	0.0	19.8
2014.0	8.0	25.0	7.0	0.9	168.0	22.9	75.0	0.0	4.5
2014.0	8.0	25.0	8.0	3.1	167.7	23.4	72.0	0.25	15.3
2014.0	8.0	25.0	9.0	1.8	112.4	22.7	79.0	0.51	37.6
2014.0	8.0	25.0	10.0	2.8	238.0	24.2	71.0	0.0	159.1
2014.0	8.0	25.0	11.0	2.0	115.8	25.4	66.3	0.0	176.3
2014.0	8.0	25.0	12.0	1.8	165.7	26.4	61.1	0.0	237.9
2014.0	8.0	25.0	13.0	1.7	127.2	27.4	56.5	0.0	249.4
2014.0	8.0	25.0	14.0	2.5	80.0	27.9	55.6	0.0	175.4
2014.0	8.0	25.0	15.0	4.6	305.7	28.2	50.0	0.0	188.9
2014.0	8.0	25.0	16.0	3.4	304.8	28.7	45.4	0.0	130.7
2014.0	8.0	25.0	17.0	4.3	30.1	28.2	47.8	0.0	33.0
2014.0	8.0	25.0	18.0	6.2	67.1	25.8	62.5	0.0	14.8
2014.0	8.0	26.0	7.0	1.1	40.4	21.6	83.1	0.0	5.7
2014.0	8.0	26.0	8.0	2.6	357.9	22.0	80.7	0.0	38.6
2014.0	8.0	26.0	9.0	2.9	56.7	23.0	76.8	0.0	105.1
2014.0	8.0	26.0	10.0	2.1	91.1	24.5	70.8	0.0	254.2
2014.0	8.0	26.0	11.0	2.0	94.4	26.1	62.1	0.0	378.6
2014.0	8.0	26.0	12.0	2.5	41.3	28.2	53.7	0.0	457.1
2014.0	8.0	26.0	13.0	2.6	107.5	29.3	47.0	0.0	295.6
2014.0	8.0	26.0	14.0	2.4	315.3	29.4	45.9	0.0	230.7
2014.0	8.0	26.0	15.0	2.5	17.9	29.6	45.3	0.0	208.8
2014.0	8.0	26.0	16.0	2.8	70.0	30.0	44.3	0.0	166.9
2014.0	8.0	26.0	18.0	7.5	297.5	27.9	47.1	0.0	26.2
2014.0	8.0	27.0	8.0	1.9	98.3	21.5	86.8	0.0	21.0
2014.0	8.0	27.0	9.0	1.3	147.9	22.2	82.4	0.0	85.6
2014.0	8.0	27.0	10.0	1.2	96.6	23.3	76.1	0.0	173.0
2014.0	8.0	27.0	11.0	2.6	113.0	24.3	71.4	0.0	227.2
2014.0	8.0	27.0	12.0	2.2	165.4	25.8	64.4	0.0	318.3
2014.0	8.0	27.0	13.0	2.0	111.9	26.6	59.4	0.0	273.3
2014.0	8.0	27.0	14.0	2.6	118.1	27.5	54.7	0.0	267.0
2014.0	8.0	27.0	15.0	4.2	85.8	27.9	52.3	0.0	203.6
2014.0	8.0	27.0	16.0	1.6	20.7	28.2	50.2	0.0	167.4
2014.0	8.0	27.0	17.0	2.6	34.7	28.2	51.0	0.0	56.1
2014.0	8.0	27.0	18.0	4.3	341.2	27.8	52.1	0.0	42.8
2014.0	8.0	28.0	7.0	2.5	193.0	22.1	78.5	0.0	10.0
2014.0	8.0	28.0	10.0	2.4	195.0	25.0	63.9	0.0	244.2
2014.0	8.0	28.0	13.0	2.5	105.4	28.9	48.1	0.0	354.2
2014.0	8.0	28.0	16.0	1.2	4.8	29.5	45.8	0.0	111.0
2014.0	8.0	29.0	7.0	1.3	55.0	19.9	87.0	0.0	18.2
2014.0	8.0	29.0	10.0	2.2	71.0	25.1	64.5	0.0	352.2
2014.0	8.0	29.0	13.0	2.0	158.9	30.3	43.1	0.0	500.5
2014.0	8.0	29.0	16.0	2.1	78.7	33.1	33.1	0.0	203.2
2014.0	8.0	30.0	7.0	1.6	201.8	20.1	77.6	0.0	6.7
2014.0	8.0	30.0	10.0	2.2	166.3	25.9	59.1	0.0	353.2
2014.0	8.0	30.0	13.0	3.4	67.9	31.2	38.2	0.0	486.6
2014.0	8.0	30.0	16.0	1.7	133.9	34.8	21.4	0.0	279.2
2014.0	8.0	31.0	7.0	1.5	171.3	20.2	73.0	0.0	28.7
2014.0	8.0	31.0	10.0	2.5	142.5	25.9	54.5	0.0	362.2
2014.0	8.0	31.0	13.0	3.0	147.8	31.6	34.1	0.0	487.9
2014.0	8.0	31.0	14.0	3.0	41.6	33.4	29.1	0.0	455.5
2014.0	8.0	31.0	15.0	3.9	13.5	34.1	28.4	0.0	329.4
2014.0	8.0	31.0	16.0	5.3	4.7	33.8	33.3	0.0	257.2
2014.0	8.0	31.0	17.0	5.3	315.6	33.2	33.8	0.0	154.3
2014.0	8.0	31.0	18.0	6.7	291.3	31.4	37.9	0.0	43.1
2014.0	9.0	1.0	7.0	1.4	182.4	20.0	76.8	0.0	23.5
2014.0	9.0	1.0	8.0	1.9	155.2	21.7	68.9	0.0	127.6
2014.0	9.0	1.0	9.0	2.9	136.4	24.3	63.4	0.0	247.8
2014.0	9.0	1.0	10.0	1.4	224.3	26.3	58.5	0.0	353.2
2014.0	9.0	1.0	11.0	1.1	253.9	28.0	52.1	0.0	402.3
2014.0	9.0	1.0	12.0	2.9	43.7	29.9	45.8	0.0	455.7
2014.0	9.0	1.0	13.0	3.4	27.9	31.6	40.2	0.0	457.1
2014.0	9.0	1.0	14.0	4.9	38.4	32.9	39.4	0.0	434.0
2014.0	9.0	1.0	15.0	7.6	306.3	33.1	36.2	0.0	361.4
2014.0	9.0	1.0	16.0	6.0	347.8	32.9	35.1	0.0	266.0
2014.0	9.0	1.0	17.0	7.2	313.4	31.8	37.9	0.0	118.5
2014.0	9.0	1.0	18.0	6.8	309.8	30.0	42.6	0.0	28.1
2014.0	9.0	2.0	7.0	2.0	175.2	23.0	74.8	0.0	17.9
2014.0	9.0	2.0	10.0	2.4	205.6	26.1	61.8	0.0	218.9
2014.0	9.0	2.0	12.0	3.9	36.1	29.1	50.6	0.0	304.6
2014.0	9.0	2.0	13.0	5.1	65.6	29.8	48.4	0.0	231.5
2014.0	9.0	2.0	14.0	6.2	87.7	30.2	47.0	0.0	291.7
2014.0	9.0	2.0	15.0	5.9	83.1	30.4	46.8	0.0	225.4
2014.0	9.0	2.0	16.0	7.0	321.2	28.1	53.3	0.0	81.9
2014.0	9.0	2.0	17.0	5.5	303.7	27.8	53.6	0.0	63.7
2014.0	9.0	2.0	18.0	4.4	312.7	27.6	53.0	0.0	7.2
2014.0	9.0	3.0	7.0	3.1	53.4	20.8	88.9	0.0	10.3
2014.0	9.0	3.0	10.0	2.2	87.7	24.1	73.5	0.0	238.0
2014.0	9.0	3.0	13.0	2.2	121.3	29.0	49.9	0.0	348.1
2014.0	9.0	3.0	16.0	3.0	91.5	29.8	47.8	0.0	185.4
2014.0	9.0	4.0	7.0	2.4	96.1	22.8	78.8	0.0	12.0
2014.0	9.0	4.0	10.0	1.2	114.6	25.9	65.9	0.0	315.0
2014.0	9.0	4.0	13.0	3.3	83.5	30.1	47.4	0.0	429.8
2014.0	9.0	4.0	16.0	7.5	75.9	30.8	44.5	0.0	170.3
2014.0	9.0	5.0	7.0	2.0	110.9	21.2	82.3	0.0	28.4
2014.0	9.0	5.0	9.0	1.4	132.3	24.8	67.1	0.0	234.4
2014.0	9.0	5.0	10.0	2.2	137.3	26.4	59.7	0.0	324.1
2014.0	9.0	5.0	11.0	3.1	102.5	27.8	54.5	0.0	339.8
2014.0	9.0	5.0	12.0	1.5	57.2	29.1	49.4	0.0	473.1
2014.0	9.0	5.0	13.0	2.0	34.1	30.6	43.4	0.0	494.9
2014.0	9.0	5.0	14.0	5.4	47.5	32.1	38.6	0.0	471.3
2014.0	9.0	5.0	15.0	6.3	16.9	32.3	39.1	0.0	378.5
2014.0	9.0	5.0	16.0	5.7	35.5	32.5	37.9	0.0	276.4
2014.0	9.0	5.0	17.0	4.8	24.2	32.5	36.4	0.0	153.4
2014.0	9.0	5.0	18.0	5.5	295.9	30.6	42.5	0.0	35.9
2014.0	9.0	6.0	7.0	2.8	122.4	21.7	80.3	0.0	24.1
2014.0	9.0	6.0	10.0	2.7	109.3	27.1	50.8	0.0	338.5
2014.0	9.0	6.0	13.0	5.6	75.8	31.3	40.0	0.0	420.5
2014.0	9.0	6.0	16.0	3.1	25.4	31.6	40.5	0.0	129.3
2014.0	9.0	7.0	7.0	2.0	134.4	22.8	75.6	0.0	12.1
2014.0	9.0	7.0	10.0	2.7	185.3	25.9	62.9	0.0	205.9
2014.0	9.0	7.0	13.0	2.1	39.7	29.3	49.0	0.0	286.8
2014.0	9.0	7.0	16.0	5.5	83.1	31.5	40.1	0.0	123.7
2014.0	9.0	8.0	7.0	2.4	163.9	23.4	74.9	0.0	12.6
2014.0	9.0	8.0	10.0	3.2	130.9	25.3	66.6	0.0	194.5
2014.0	9.0	8.0	13.0	1.8	71.1	30.0	44.0	0.0	370.9
2014.0	9.0	8.0	16.0	5.8	44.4	32.3	39.0	0.0	230.0
2014.0	9.0	9.0	7.0	2.4	165.2	20.8	75.1	0.0	31.5
2014.0	9.0	9.0	10.0	1.8	152.0	26.7	55.8	0.0	355.2
2014.0	9.0	9.0	13.0	2.1	88.7	31.6	38.4	0.0	476.4
2014.0	9.0	9.0	16.0	8.0	285.9	32.6	35.7	0.0	250.3
2014.0	9.0	10.0	7.0	2.8	138.1	22.4	75.2	0.0	19.0
2014.0	9.0	10.0	10.0	2.1	135.7	27.8	52.3	0.0	203.2
2014.0	9.0	10.0	13.0	3.4	93.7	29.2	49.7	0.0	211.5
2014.0	9.0	10.0	16.0	0.8	135.9	29.5	48.9	0.0	76.7
2014.0	9.0	11.0	7.0	2.0	109.8	23.1	77.1	0.0	19.0
2014.0	9.0	11.0	10.0	1.2	191.6	25.1	66.4	0.0	180.5
2014.0	9.0	11.0	13.0	3.0	71.2	28.5	52.0	0.0	310.4
2014.0	9.0	11.0	14.0	3.7	45.3	29.6	46.9	0.0	263.8
2014.0	9.0	11.0	15.0	5.0	61.4	29.3	48.7	0.0	189.8
2014.0	9.0	11.0	16.0	8.0	293.6	29.3	43.9	0.0	160.2
2014.0	9.0	11.0	17.0	7.8	300.2	28.8	43.3	0.0	130.4
2014.0	9.0	11.0	18.0	8.6	300.2	27.4	47.3	0.0	38.6
2014.0	9.0	12.0	10.0	2.3	185.7	24.0	73.3	0.0	194.4
2014.0	9.0	12.0	13.0	0.7	334.4	28.5	49.7	0.0	489.8
2014.0	9.0	12.0	16.0	3.7	23.4	31.1	39.8	0.0	113.7
2014.0	9.0	13.0	7.0	0.6	92.1	21.1	80.8	0.0	23.0
2014.0	9.0	13.0	10.0	0.8	200.1	25.3	63.2	0.0	284.7
2014.0	9.0	13.0	13.0	1.2	59.3	30.0	43.6	0.0	377.8
2014.0	9.0	13.0	16.0	2.9	36.0	31.2	42.6	0.0	171.0
2014.0	9.0	14.0	10.0	0.1	290.0	25.4	65.7	0.0	309.0
2014.0	9.0	14.0	13.0	4.2	25.2	28.6	53.4	0.0	287.4
2014.0	9.0	14.0	16.0	4.3	5.2	30.4	43.6	0.0	179.9
2014.0	9.0	15.0	7.0	1.9	198.2	22.1	83.8	0.0	11.3
2014.0	9.0	15.0	10.0	2.5	199.2	24.8	70.5	0.0	201.5
2014.0	9.0	15.0	13.0	2.9	102.8	28.0	54.0	0.0	325.1
2014.0	9.0	15.0	16.0	3.0	35.2	29.9	47.4	0.0	104.3
2014.0	9.0	16.0	7.0	2.7	217.4	22.6	77.6	0.0	44.9
2014.0	9.0	16.0	10.0	0.9	225.4	25.8	64.3	0.0	371.3
2014.0	9.0	16.0	13.0	2.9	76.5	30.3	46.5	0.0	485.9
2014.0	9.0	16.0	16.0	3.0	302.5	31.8	37.6	0.0	120.5
2014.0	9.0	17.0	7.0	2.0	151.4	21.0	81.6	0.0	15.3
2014.0	9.0	17.0	10.0	1.8	348.8	26.2	66.4	0.0	312.0
2014.0	9.0	17.0	13.0	3.2	57.4	29.2	48.3	0.0	402.0
2014.0	9.0	17.0	16.0	4.7	41.0	30.5	44.4	0.0	120.7
2014.0	9.0	18.0	7.0	1.7	87.6	21.5	82.0	0.25	4.6
2014.0	9.0	18.0	8.0	3.0	46.8	21.4	85.3	2.29	24.8
2014.0	9.0	18.0	9.0	4.0	27.1	21.7	86.3	1.52	89.4
2014.0	9.0	18.0	10.0	4.0	14.4	22.3	83.1	0.0	79.4
2014.0	9.0	18.0	11.0	3.8	31.9	23.0	76.5	0.0	170.1
2014.0	9.0	18.0	12.0	3.4	21.2	24.0	70.4	0.0	249.2
2014.0	9.0	18.0	13.0	3.6	63.0	25.4	63.9	0.0	393.9
2014.0	9.0	18.0	16.0	2.1	165.8	28.6	45.1	0.0	264.6
2014.0	9.0	19.0	7.0	1.9	90.3	22.5	80.2	0.0	26.8
2014.0	9.0	19.0	10.0	1.3	248.8	29.2	51.9	0.0	325.7
2014.0	9.0	19.0	13.0	5.3	76.7	30.2	45.2	0.0	466.8
2014.0	9.0	19.0	16.0	5.2	296.6	30.0	44.3	0.0	194.3
2014.0	9.0	20.0	10.0	3.3	58.9	20.6	87.6	9.14	34.0
2014.0	9.0	20.0	13.0	1.1	133.6	23.4	72.6	0.0	298.5
2014.0	9.0	20.0	14.0	1.5	186.2	24.2	68.0	0.0	187.4
2014.0	9.0	20.0	15.0	2.9	223.4	24.7	69.6	0.0	200.1
2014.0	9.0	20.0	16.0	2.9	192.9	25.4	66.5	0.0	178.1
2014.0	9.0	20.0	17.0	1.9	190.2	25.7	64.3	0.0	70.7
2014.0	9.0	20.0	18.0	3.1	151.4	25.6	65.4	0.0	24.6
2014.0	9.0	21.0	7.0	2.0	18.5	21.5	87.7	0.0	13.0
2014.0	9.0	21.0	10.0	3.1	62.1	24.9	71.6	0.0	311.7
2014.0	9.0	21.0	13.0	2.3	15.6	28.9	48.6	0.0	495.9
2014.0	9.0	21.0	16.0	3.5	62.6	32.9	34.9	0.0	234.8
2014.0	9.0	22.0	10.0	3.2	236.6	22.4	86.5	0.51	260.6
2014.0	9.0	22.0	13.0	2.6	114.5	31.3	42.1	0.0	495.5
2014.0	9.0	22.0	16.0	5.4	57.2	27.8	53.9	0.0	85.9
2014.0	9.0	23.0	7.0	2.8	139.4	18.9	91.5	0.0	7.9
2014.0	9.0	23.0	10.0	3.0	117.8	21.0	81.8	0.0	143.3
2014.0	9.0	23.0	13.0	2.1	63.1	26.6	54.5	0.0	486.6
2014.0	9.0	23.0	16.0	3.4	91.4	32.3	39.9	0.0	172.4
2014.0	9.0	24.0	7.0	1.1	324.6	22.0	82.3	0.0	18.1
2014.0	9.0	24.0	10.0	3.1	124.9	29.8	50.8	0.0	360.4
2014.0	9.0	24.0	13.0	3.0	56.5	33.4	38.2	0.0	467.4
2014.0	9.0	24.0	16.0	2.4	54.7	33.8	37.2	0.0	154.2
2014.0	9.0	25.0	7.0	3.2	151.6	23.0	79.0	0.0	16.6
2014.0	9.0	25.0	10.0	2.5	64.5	26.3	59.8	0.0	176.4
2014.0	9.0	25.0	13.0	0.7	39.7	28.7	49.7	0.0	382.4
2014.0	9.0	25.0	16.0	3.8	23.1	29.8	41.1	0.0	158.7
2014.0	9.0	26.0	7.0	1.7	199.6	20.3	80.8	0.0	36.2
2014.0	9.0	26.0	10.0	1.6	165.7	25.6	59.9	0.0	374.2
2014.0	9.0	26.0	11.0	3.7	101.9	27.2	53.1	0.0	448.6
2014.0	9.0	26.0	12.0	1.9	66.9	28.7	47.1	0.0	476.2
2014.0	9.0	26.0	13.0	2.7	19.5	29.9	42.5	0.0	369.3
2014.0	9.0	26.0	14.0	3.1	61.2	31.0	39.2	0.0	306.4
2014.0	9.0	26.0	15.0	3.6	55.6	31.7	37.6	0.0	350.0
2014.0	9.0	26.0	16.0	2.9	27.5	31.6	38.1	0.0	209.8
2014.0	9.0	26.0	17.0	6.8	294.0	32.2	36.6	0.0	157.9
2014.0	9.0	26.0	18.0	5.7	289.7	31.1	39.2	0.0	33.4
2014.0	9.0	27.0	7.0	1.6	117.3	21.6	79.1	0.0	13.8
2014.0	9.0	27.0	8.0	2.1	175.7	23.8	75.7	0.0	131.6
2014.0	9.0	27.0	9.0	2.6	153.5	27.0	60.8	0.0	253.7
2014.0	9.0	27.0	10.0	2.3	148.1	29.7	50.1	0.0	370.2
2014.0	9.0	27.0	11.0	1.8	123.9	31.7	43.2	0.0	456.1
2014.0	9.0	27.0	12.0	1.9	13.6	33.0	38.8	0.0	481.7
2014.0	9.0	27.0	13.0	2.0	57.9	34.1	35.2	0.0	475.0
2014.0	9.0	27.0	14.0	2.6	35.0	35.3	33.1	0.0	435.6
2014.0	9.0	27.0	15.0	5.0	27.0	35.3	33.9	0.0	289.5
2014.0	9.0	27.0	16.0	7.4	304.7	34.1	35.6	0.0	246.8
2014.0	9.0	28.0	7.0	2.2	107.4	21.6	83.0	0.0	44.4
2014.0	9.0	28.0	10.0	3.3	66.7	29.5	52.7	0.0	369.6
2014.0	9.0	28.0	13.0	3.3	29.2	34.1	38.0	0.0	482.9
2014.0	9.0	28.0	16.0	1.8	351.4	32.8	37.0	0.0	238.6
2014.0	9.0	29.0	7.0	2.6	182.1	22.3	80.8	0.0	37.4
2014.0	9.0	29.0	10.0	2.9	177.1	27.2	57.6	0.0	391.5
2014.0	9.0	29.0	13.0	2.2	41.0	31.8	39.6	0.0	499.6
2014.0	9.0	29.0	16.0	7.1	301.7	31.9	39.5	0.0	221.1
2014.0	9.0	30.0	7.0	1.6	143.3	20.4	84.1	0.0	29.9
2014.0	9.0	30.0	10.0	2.2	82.6	26.4	60.0	0.0	365.1
2014.0	9.0	30.0	13.0	1.1	147.4	31.2	37.0	0.0	389.4
2014.0	9.0	30.0	16.0	3.0	224.3	34.6	20.8	0.0	269.9
2014.0	10.0	1.0	7.0	1.7	169.9	20.7	76.1	0.0	30.4
2014.0	10.0	1.0	10.0	1.7	103.7	26.8	57.1	0.0	368.5
2014.0	10.0	1.0	13.0	2.6	83.3	31.6	38.2	0.0	385.9
2014.0	10.0	1.0	16.0	3.4	141.4	33.6	28.7	0.0	240.1
2014.0	10.0	2.0	7.0	2.4	215.6	23.5	64.3	0.0	15.9
2014.0	10.0	2.0	10.0	0.2	346.4	26.1	59.6	0.0	217.0
2014.0	10.0	2.0	13.0	2.0	129.8	29.1	51.3	0.0	166.9
2014.0	10.0	2.0	16.0	3.7	65.7	30.4	48.2	0.0	107.5
2014.0	10.0	3.0	7.0	3.6	82.3	22.2	82.0	0.0	21.5
2014.0	10.0	3.0	10.0	3.8	177.9	26.5	61.4	0.0	333.4
2014.0	10.0	3.0	13.0	2.3	179.2	30.8	39.1	0.0	453.0
2014.0	10.0	3.0	16.0	1.7	110.2	31.7	38.3	0.0	146.3
2014.0	10.0	4.0	7.0	1.2	150.5	22.0	85.6	0.25	53.8
2014.0	10.0	4.0	10.0	2.4	155.0	26.7	60.8	0.0	378.9
2014.0	10.0	4.0	13.0	3.8	151.4	31.2	42.2	0.0	479.8
2014.0	10.0	4.0	16.0	6.9	288.5	32.6	38.1	0.0	303.2
2014.0	10.0	5.0	7.0	2.0	144.5	22.1	85.8	0.0	20.1
2014.0	10.0	5.0	10.0	2.7	289.6	25.7	67.4	0.0	190.4
2014.0	10.0	5.0	13.0	2.2	96.5	30.9	44.7	0.0	453.3
2014.0	10.0	5.0	16.0	5.6	332.3	32.2	39.4	0.0	218.9
2014.0	10.0	6.0	7.0	2.1	149.8	22.2	82.6	0.0	22.0
2014.0	10.0	6.0	10.0	4.0	166.4	26.8	62.4	0.0	395.9
2014.0	10.0	6.0	13.0	3.9	68.7	29.4	51.3	0.0	418.2
2014.0	10.0	6.0	16.0	7.8	305.4	31.4	40.6	0.0	334.0
2014.0	10.0	7.0	7.0	2.1	103.7	22.4	83.6	0.0	7.3
2014.0	10.0	7.0	10.0	1.8	71.0	24.8	70.7	0.0	195.5
2014.0	10.0	7.0	13.0	3.7	96.6	28.5	56.0	0.0	281.5
2014.0	10.0	7.0	16.0	1.9	323.2	30.3	44.3	0.0	126.9
2014.0	10.0	8.0	10.0	1.5	124.1	23.2	77.3	0.0	193.1
2014.0	10.0	8.0	13.0	1.5	134.0	26.2	63.2	0.0	230.9
2014.0	10.0	8.0	16.0	4.8	17.6	27.0	61.7	0.0	48.8
2014.0	10.0	9.0	10.0	3.2	196.1	21.8	81.8	0.0	108.3
2014.0	10.0	9.0	13.0	0.9	67.4	25.2	63.6	0.0	185.4
2014.0	10.0	9.0	16.0	5.7	47.0	26.8	55.3	0.0	156.7
2014.0	10.0	10.0	7.0	1.7	175.0	21.5	87.9	0.0	7.2
2014.0	10.0	10.0	10.0	1.8	174.1	23.3	77.2	0.0	136.3
2014.0	10.0	10.0	13.0	2.6	108.3	26.0	63.1	0.0	304.7
2014.0	10.0	10.0	16.0	3.7	209.8	27.8	54.4	0.0	120.1
2014.0	10.0	11.0	7.0	2.9	187.3	21.7	87.8	0.0	5.4
2014.0	10.0	11.0	10.0	2.5	126.1	25.5	67.9	0.0	292.0
2014.0	10.0	11.0	13.0	3.6	84.7	29.1	53.8	0.0	433.0
2014.0	10.0	12.0	7.0	1.4	195.6	20.4	87.9	0.0	36.8
2014.0	10.0	12.0	10.0	3.6	82.2	23.4	77.6	0.0	182.8
2014.0	10.0	12.0	11.0	2.7	77.0	24.8	68.3	0.0	354.3
2014.0	10.0	12.0	12.0	0.7	51.2	26.7	60.4	0.0	487.9
2014.0	10.0	12.0	13.0	3.3	75.5	28.1	55.2	0.0	437.7
2014.0	10.0	12.0	14.0	2.8	58.9	29.2	52.2	0.0	391.4
2014.0	10.0	12.0	15.0	2.2	28.0	30.0	47.3	0.0	293.4
2014.0	10.0	12.0	16.0	5.9	100.5	29.9	50.0	0.0	183.1
2014.0	10.0	12.0	17.0	4.1	99.5	29.9	48.4	0.0	93.6
2014.0	10.0	12.0	18.0	2.7	129.8	29.1	51.3	0.0	11.4
2014.0	10.0	13.0	7.0	2.4	86.0	22.0	82.8	0.0	21.9
2014.0	10.0	13.0	8.0	3.7	96.2	22.5	82.0	0.0	97.6
2014.0	10.0	13.0	9.0	2.5	77.6	23.8	74.7	0.0	146.5
2014.0	10.0	13.0	10.0	1.4	261.0	25.2	68.1	0.0	247.0
2014.0	10.0	13.0	11.0	1.1	43.6	27.0	60.2	0.0	379.2
2014.0	10.0	13.0	12.0	2.1	85.6	28.4	55.2	0.0	349.1
2014.0	10.0	13.0	13.0	3.1	83.4	29.3	49.6	0.0	286.6
2014.0	10.0	13.0	14.0	4.3	92.4	29.5	49.0	0.0	180.9
2014.0	10.0	13.0	15.0	2.7	89.2	30.1	47.6	0.0	275.9
2014.0	10.0	13.0	16.0	4.9	40.7	30.3	48.2	0.0	143.4
2014.0	10.0	13.0	17.0	6.2	17.3	29.2	52.8	0.0	30.4
2014.0	10.0	14.0	7.0	1.7	163.8	22.2	83.5	0.0	12.0
2014.0	10.0	14.0	8.0	1.0	223.6	22.8	81.2	0.0	90.6
2014.0	10.0	14.0	9.0	2.4	139.6	24.3	73.9	0.0	218.5
2014.0	10.0	14.0	10.0	1.8	157.5	26.0	66.1	0.0	374.8
2014.0	10.0	14.0	11.0	3.0	105.7	27.8	57.9	0.0	467.9
2014.0	10.0	14.0	12.0	2.4	85.0	29.4	50.8	0.0	515.7
2014.0	10.0	14.0	13.0	1.8	96.7	30.2	46.7	0.0	501.0
2014.0	10.0	14.0	14.0	3.2	72.5	30.7	42.8	0.0	316.2
2014.0	10.0	14.0	15.0	2.0	74.9	30.8	41.6	0.0	170.7
2014.0	10.0	14.0	16.0	3.1	113.0	31.2	40.0	0.0	123.4
2014.0	10.0	14.0	17.0	3.9	9.1	30.8	45.1	0.0	88.0
2014.0	10.0	14.0	18.0	3.6	342.9	30.0	47.8	0.0	22.6
2014.0	10.0	15.0	7.0	1.7	138.0	22.7	81.7	0.0	19.2
2014.0	10.0	15.0	8.0	2.5	138.9	23.0	80.7	0.0	73.8
2014.0	10.0	15.0	9.0	3.3	171.7	24.2	75.1	0.0	146.9
2014.0	10.0	15.0	10.0	1.1	189.8	25.5	68.8	0.0	181.7
2014.0	10.0	15.0	13.0	3.8	83.7	29.8	52.2	0.0	491.7
2014.0	10.0	15.0	14.0	3.7	41.2	30.5	47.4	0.0	450.4
2014.0	10.0	15.0	15.0	3.4	30.3	30.6	47.0	0.0	220.6
2014.0	10.0	15.0	16.0	4.2	40.1	30.8	46.8	0.0	142.7
2014.0	10.0	15.0	17.0	2.6	326.7	30.0	47.4	0.0	48.3
2014.0	10.0	16.0	7.0	0.2	207.0	21.4	84.3	0.0	24.4
2014.0	10.0	16.0	8.0	3.4	111.2	22.7	80.0	0.0	133.2
2014.0	10.0	16.0	9.0	1.6	140.8	24.7	68.2	0.0	247.4
2014.0	10.0	16.0	10.0	1.5	202.9	26.0	63.0	0.0	360.4
2014.0	10.0	16.0	11.0	1.3	117.1	27.8	57.1	0.0	432.9
2014.0	10.0	16.0	12.0	3.2	107.4	29.4	49.1	0.0	424.5
2014.0	10.0	16.0	13.0	3.6	75.7	30.6	42.3	0.0	307.8
2014.0	10.0	16.0	14.0	4.5	101.3	31.1	42.4	0.0	342.5
2014.0	10.0	16.0	15.0	4.3	143.0	31.5	41.5	0.0	230.7
2014.0	10.0	16.0	16.0	4.9	195.7	31.3	39.2	0.0	244.2
2014.0	10.0	16.0	17.0	5.5	265.6	30.7	41.6	0.0	89.5
2014.0	10.0	16.0	18.0	5.2	291.1	29.6	45.2	0.0	10.2
2014.0	10.0	17.0	7.0	2.1	97.5	21.6	82.5	0.0	47.8
2014.0	10.0	17.0	8.0	1.8	81.7	23.3	76.3	0.0	147.5
2014.0	10.0	17.0	9.0	1.3	186.1	25.0	66.6	0.0	260.5
2014.0	10.0	17.0	10.0	0.5	325.2	26.7	60.8	0.0	380.0
2014.0	10.0	17.0	11.0	2.7	80.7	28.2	54.3	0.0	397.6
2014.0	10.0	17.0	12.0	3.6	43.0	29.2	51.4	0.0	371.4
2014.0	10.0	17.0	13.0	4.7	52.8	30.1	48.3	0.0	275.5
2014.0	10.0	17.0	16.0	3.5	319.3	30.6	42.3	0.0	139.7
2014.0	10.0	18.0	7.0	2.1	39.9	21.1	89.8	0.25	8.1
2014.0	10.0	18.0	10.0	1.1	37.5	22.9	79.1	0.0	233.5
2014.0	10.0	18.0	13.0	2.2	58.8	27.6	53.9	0.0	505.8
2014.0	10.0	18.0	16.0	4.5	23.5	30.1	46.7	0.0	237.5
2014.0	10.0	19.0	7.0	1.4	205.6	20.5	85.6	0.0	7.5
2014.0	10.0	19.0	10.0	1.9	152.7	23.0	76.7	0.0	212.5
2014.0	10.0	19.0	13.0	3.4	90.5	26.5	58.9	0.0	431.5
2014.0	10.0	19.0	16.0	4.5	47.7	28.5	52.4	0.0	244.0
2014.0	10.0	20.0	7.0	2.1	113.7	22.4	86.1	0.0	15.7
2014.0	10.0	20.0	10.0	1.7	37.4	25.2	71.1	0.0	276.1
2014.0	10.0	20.0	13.0	5.6	87.0	29.2	53.3	0.0	487.8
2014.0	10.0	20.0	16.0	4.9	46.2	29.8	47.4	0.0	39.2
2014.0	10.0	21.0	7.0	1.2	64.2	20.4	89.6	0.0	16.7
2014.0	10.0	21.0	10.0	2.1	50.9	25.1	66.2	0.0	361.2
2014.0	10.0	21.0	13.0	3.0	94.0	29.1	49.2	0.0	480.9
2014.0	10.0	21.0	16.0	3.4	144.1	31.5	39.1	0.0	212.1
2014.0	10.0	22.0	7.0	2.1	119.3	22.3	81.2	0.0	28.8
2014.0	10.0	22.0	10.0	1.7	137.1	26.2	66.4	0.0	221.0
2014.0	10.0	22.0	13.0	1.0	85.2	28.9	53.7	0.0	284.3
2014.0	10.0	22.0	16.0	4.4	44.9	22.6	84.4	7.11	10.2
2014.0	10.0	24.0	13.0	1.1	62.7	29.4	49.3	0.0	400.4
2014.0	10.0	24.0	16.0	4.1	276.7	26.7	63.8	12.45	40.1
2014.0	10.0	25.0	7.0	2.1	150.4	21.2	89.1	0.0	11.0
2014.0	10.0	25.0	10.0	3.0	184.6	24.1	74.3	0.0	323.7
2014.0	10.0	25.0	13.0	3.0	179.8	28.3	53.0	0.0	436.3
2014.0	10.0	25.0	16.0	5.5	306.0	27.8	53.2	0.0	53.8
2014.0	10.0	26.0	10.0	3.3	353.0	21.2	88.3	7.62	54.2
2014.0	10.0	26.0	13.0	2.8	15.4	21.8	85.7	1.78	156.5
2014.0	10.0	26.0	16.0	6.1	357.1	24.9	60.6	0.0	183.6
2014.0	10.0	27.0	7.0	2.2	8.1	20.4	87.8	0.0	14.5
2014.0	10.0	27.0	10.0	2.1	67.6	23.3	74.7	0.0	252.1
2014.0	10.0	27.0	13.0	3.5	70.8	27.4	53.6	0.0	487.9
2014.0	10.0	27.0	16.0	3.5	63.3	29.3	48.7	0.0	133.5
2014.0	10.0	28.0	7.0	1.8	150.5	21.4	83.7	0.0	18.5
2014.0	10.0	28.0	10.0	4.4	207.7	26.2	63.2	0.0	369.2
2014.0	10.0	28.0	13.0	2.6	260.2	29.5	49.0	0.0	333.4
2014.0	10.0	28.0	16.0	4.8	79.4	30.9	42.4	0.0	218.1
2014.0	10.0	29.0	7.0	2.0	241.2	22.2	85.1	0.0	15.9
2014.0	10.0	29.0	10.0	0.4	327.0	24.5	74.5	0.0	287.6
2014.0	10.0	29.0	13.0	2.7	39.9	30.2	48.1	0.0	458.5
2014.0	10.0	29.0	16.0	4.4	12.0	31.2	42.9	0.0	269.8
2014.0	10.0	30.0	7.0	2.4	103.2	22.1	83.8	0.0	26.6
2014.0	10.0	30.0	10.0	3.2	201.4	25.5	71.2	0.0	373.7
2014.0	10.0	30.0	13.0	6.0	293.1	27.1	60.8	0.25	71.1
2014.0	10.0	30.0	16.0	1.7	351.7	28.8	51.1	0.0	100.8
2014.0	10.0	31.0	7.0	2.5	356.4	20.4	90.2	0.0	13.5
2014.0	10.0	31.0	10.0	3.0	103.7	22.8	79.3	0.0	129.2
2014.0	10.0	31.0	13.0	1.5	250.2	26.3	63.7	0.0	391.0
2014.0	10.0	31.0	15.0	3.3	105.4	27.9	56.1	0.0	331.8
2014.0	10.0	31.0	16.0	1.9	58.6	27.9	53.6	0.0	129.6
2014.0	10.0	31.0	17.0	4.0	12.1	27.3	58.3	0.0	24.5
2014.0	11.0	1.0	7.0	0.9	1.3	21.4	83.6	0.0	34.0
2014.0	11.0	1.0	8.0	1.7	137.1	22.5	79.7	0.0	147.7
2014.0	11.0	1.0	9.0	2.5	146.0	23.6	75.1	0.0	254.2
2014.0	11.0	1.0	10.0	2.2	95.3	24.9	70.0	0.0	302.8
2014.0	11.0	1.0	11.0	3.5	78.5	26.1	64.6	0.0	368.3
2014.0	11.0	1.0	12.0	3.2	66.6	27.7	57.5	0.0	440.5
2014.0	11.0	1.0	13.0	3.4	70.9	29.0	52.0	0.0	450.3
2014.0	11.0	1.0	14.0	2.9	63.9	29.7	49.2	0.0	346.4
2014.0	11.0	1.0	15.0	3.8	23.0	30.5	45.8	0.0	295.9
2014.0	11.0	1.0	16.0	3.7	27.3	30.4	46.4	0.0	63.4
2014.0	11.0	1.0	17.0	3.0	31.2	30.1	46.1	0.0	75.3
2014.0	11.0	1.0	18.0	3.7	306.5	29.1	47.8	0.0	7.5
2014.0	11.0	2.0	7.0	1.1	24.7	21.9	87.3	0.0	11.9
2014.0	11.0	2.0	10.0	2.4	78.4	24.2	76.8	0.0	228.8
2014.0	11.0	2.0	13.0	3.4	84.6	27.4	61.9	0.0	314.2
2014.0	11.0	2.0	16.0	3.0	34.3	28.6	55.0	0.0	101.1
2014.0	11.0	3.0	7.0	0.6	237.7	21.4	84.2	0.0	28.8
2014.0	11.0	3.0	10.0	3.0	77.6	25.6	69.5	0.0	323.7
2014.0	11.0	3.0	13.0	2.9	96.8	30.0	48.4	0.0	462.3
2014.0	11.0	3.0	16.0	5.2	359.7	31.2	44.8	0.0	154.6
2014.0	11.0	4.0	7.0	1.6	12.2	22.7	83.1	0.25	6.8
2014.0	11.0	4.0	10.0	1.4	293.3	24.2	77.5	0.0	205.0
2014.0	11.0	4.0	13.0	3.7	40.8	28.7	57.0	0.0	335.1
2014.0	11.0	4.0	14.0	3.3	44.1	29.6	52.8	0.0	324.1
2014.0	11.0	4.0	15.0	3.9	58.1	29.3	53.9	0.0	144.2
2014.0	11.0	4.0	16.0	4.1	286.5	29.1	49.9	0.0	121.5
2014.0	11.0	4.0	17.0	5.4	284.5	28.3	51.8	0.0	57.0
2014.0	11.0	4.0	18.0	4.6	287.8	27.3	54.0	0.0	10.7
2014.0	11.0	5.0	7.0	1.5	145.5	21.6	88.6	0.0	4.5
2014.0	11.0	5.0	8.0	0.9	89.3	22.2	86.7	0.0	53.0
2014.0	11.0	5.0	10.0	3.7	185.1	23.8	79.1	0.0	164.1
2014.0	11.0	5.0	13.0	2.6	74.3	28.6	55.5	0.0	462.0
2014.0	11.0	5.0	16.0	4.9	354.3	30.0	46.9	0.0	147.2
2014.0	11.0	6.0	7.0	2.9	228.6	22.2	84.2	0.0	36.3
2014.0	11.0	6.0	10.0	1.4	31.5	26.1	65.0	0.0	349.9
2014.0	11.0	6.0	13.0	2.7	165.9	29.6	51.6	0.0	435.5
2014.0	11.0	6.0	16.0	6.2	293.0	29.7	50.3	0.0	89.1
2014.0	11.0	7.0	7.0	1.5	52.4	22.9	83.0	0.0	32.4
2014.0	11.0	7.0	9.0	1.8	177.7	25.3	70.5	0.0	200.9
2014.0	11.0	7.0	10.0	2.4	127.7	26.3	66.2	0.0	263.1
2014.0	11.0	7.0	11.0	2.7	48.9	28.1	57.3	0.0	404.3
2014.0	11.0	7.0	12.0	3.1	18.4	29.4	52.1	0.0	476.5
2014.0	11.0	7.0	13.0	2.6	42.7	30.5	47.0	0.0	410.3
2014.0	11.0	7.0	14.0	2.8	55.6	31.0	44.0	0.0	278.6
2014.0	11.0	7.0	15.0	3.8	19.5	31.7	42.4	0.0	307.9
2014.0	11.0	7.0	16.0	3.9	46.1	31.8	43.4	0.0	133.3
2014.0	11.0	7.0	17.0	5.7	290.4	30.9	44.7	0.0	74.8
2014.0	11.0	7.0	18.0	7.0	297.9	28.9	50.7	0.0	5.5
2014.0	11.0	8.0	7.0	3.0	236.3	22.1	86.2	0.76	11.8
2014.0	11.0	8.0	10.0	1.0	149.8	22.7	83.3	0.25	66.7
2014.0	11.0	8.0	13.0	2.0	120.4	25.9	62.6	0.0	356.4
2014.0	11.0	8.0	16.0	1.8	157.0	28.4	47.3	0.0	124.7
2014.0	11.0	9.0	7.0	0.8	231.9	21.7	84.5	0.0	18.2
2014.0	11.0	9.0	10.0	1.1	124.4	25.8	66.1	0.0	351.7
2014.0	11.0	9.0	13.0	2.1	92.4	29.9	48.6	0.0	362.6
2014.0	11.0	9.0	16.0	4.8	311.1	30.8	43.0	0.0	281.0
2014.0	11.0	10.0	10.0	2.8	233.1	21.4	84.1	0.25	175.6
2014.0	11.0	10.0	13.0	4.1	50.4	27.2	58.0	0.0	466.8
2014.0	11.0	10.0	16.0	3.6	304.5	28.4	50.7	0.0	161.9
2014.0	11.0	11.0	10.0	2.8	182.3	21.7	87.5	0.25	128.0
2014.0	11.0	11.0	13.0	1.7	112.1	26.9	60.1	0.0	473.5
2014.0	11.0	11.0	16.0	3.8	11.8	26.8	60.8	0.0	51.0
2014.0	11.0	12.0	7.0	2.8	18.4	20.5	90.3	3.56	6.3
2014.0	11.0	12.0	10.0	2.5	107.5	23.0	80.9	0.0	193.1
2014.0	11.0	12.0	13.0	3.2	160.7	25.6	66.0	0.0	206.0
2014.0	11.0	12.0	16.0	3.1	179.8	26.0	60.8	0.0	97.8
2014.0	11.0	13.0	7.0	1.7	62.2	21.1	86.0	0.0	23.3
2014.0	11.0	13.0	10.0	3.5	189.5	25.2	65.6	0.0	385.7
2014.0	11.0	13.0	13.0	4.3	223.3	26.2	60.0	0.0	63.6
2014.0	11.0	13.0	16.0	2.5	52.5	22.4	83.3	16.76	31.3
2014.0	11.0	14.0	7.0	0.7	190.0	21.3	87.8	0.0	8.6
2014.0	11.0	14.0	10.0	1.9	163.7	24.5	70.5	0.0	350.7
2014.0	11.0	14.0	13.0	2.3	130.4	27.7	55.2	0.0	384.5
2014.0	11.0	14.0	16.0	1.2	154.7	26.8	63.9	4.57	213.1
2014.0	11.0	15.0	7.0	1.3	188.9	21.3	82.4	0.0	21.5
2014.0	11.0	15.0	10.0	0.8	175.8	24.4	68.7	0.0	225.9
2014.0	11.0	15.0	13.0	2.3	60.4	28.6	50.5	0.0	456.9
2014.0	11.0	15.0	16.0	4.1	356.9	30.3	44.1	0.0	265.4
2014.0	11.0	16.0	7.0	1.5	228.9	21.1	87.2	0.0	22.0
2014.0	11.0	16.0	10.0	3.1	93.5	24.2	73.1	0.0	304.6
2014.0	11.0	16.0	13.0	2.9	115.6	27.0	61.5	0.0	384.4
2014.0	11.0	16.0	16.0	3.4	105.2	28.7	52.0	0.0	212.8
2014.0	11.0	17.0	7.0	1.7	170.8	21.4	84.4	0.0	16.6
2014.0	11.0	17.0	10.0	2.3	124.2	25.8	65.2	0.0	337.0
2014.0	11.0	17.0	13.0	3.4	79.2	29.0	52.4	0.0	453.6
2014.0	11.0	17.0	16.0	3.6	307.5	28.3	54.5	5.08	43.4
2014.0	11.0	18.0	7.0	0.9	138.4	21.5	83.2	0.0	12.5
2014.0	11.0	18.0	10.0	3.5	94.0	25.1	67.0	0.0	250.1
2014.0	11.0	18.0	13.0	1.5	113.0	28.8	50.6	0.0	423.2
2014.0	11.0	18.0	16.0	4.0	357.9	29.5	46.3	0.0	110.7
2014.0	11.0	19.0	10.0	1.1	116.1	21.4	85.3	0.25	84.4
2014.0	11.0	19.0	13.0	2.7	173.7	22.9	78.5	0.0	181.7
2014.0	11.0	19.0	16.0	1.4	11.2	24.6	66.8	0.0	151.6
2014.0	11.0	20.0	7.0	1.7	93.5	19.5	88.5	0.0	46.8
2014.0	11.0	20.0	8.0	1.2	86.4	20.9	85.0	0.0	102.4
2014.0	11.0	20.0	9.0	1.8	72.2	22.3	79.7	0.0	241.8
2014.0	11.0	20.0	10.0	3.3	72.5	23.6	73.3	0.0	245.8
2014.0	11.0	20.0	11.0	2.1	88.7	25.0	64.5	0.0	301.9
2014.0	11.0	20.0	12.0	2.3	123.8	26.5	58.8	0.0	313.4
2014.0	11.0	20.0	13.0	2.6	90.6	27.3	56.8	0.0	347.5
2014.0	11.0	20.0	14.0	2.2	7.7	28.2	52.4	0.0	249.1
2014.0	11.0	20.0	15.0	3.2	289.1	28.0	53.6	0.0	121.0
2014.0	11.0	20.0	16.0	2.0	281.4	27.9	52.5	0.0	100.7
2014.0	11.0	20.0	17.0	3.8	300.7	27.9	50.5	0.0	36.9
2014.0	11.0	21.0	7.0	1.1	178.1	21.7	83.1	0.0	5.9
2014.0	11.0	21.0	10.0	3.3	190.5	25.4	66.2	0.0	368.9
2014.0	11.0	21.0	13.0	7.4	323.3	27.2	61.2	0.0	404.4
2014.0	11.0	21.0	16.0	3.6	348.4	29.4	47.1	0.0	167.5
2014.0	11.0	21.0	18.0	1.7	71.2	26.4	58.1	0.0	8.7
2014.0	11.0	22.0	7.0	1.8	173.3	21.2	85.7	0.0	30.8
2014.0	11.0	22.0	8.0	2.4	191.5	21.8	82.3	0.0	62.0
2014.0	11.0	22.0	9.0	2.9	145.6	23.3	75.9	0.0	245.0
2014.0	11.0	22.0	10.0	2.2	142.7	24.4	70.7	0.0	252.7
2014.0	11.0	22.0	11.0	0.5	119.3	25.8	65.3	0.0	413.0
2014.0	11.0	22.0	13.0	2.7	60.6	28.3	52.6	0.0	317.0
2014.0	11.0	22.0	16.0	2.2	89.0	29.3	46.6	0.0	197.2
2014.0	11.0	23.0	10.0	0.4	182.6	24.6	72.5	0.0	144.9
2014.0	11.0	23.0	13.0	1.8	44.6	28.6	52.0	0.0	404.5
2014.0	11.0	23.0	15.0	2.6	38.2	30.3	46.9	0.0	300.1
2014.0	11.0	23.0	16.0	3.5	3.3	30.2	47.1	0.0	172.6
2014.0	11.0	23.0	17.0	3.0	2.3	29.9	49.0	0.0	90.6
2014.0	11.0	23.0	18.0	4.8	292.3	28.7	49.7	0.0	16.0
2014.0	11.0	24.0	7.0	2.0	75.9	21.0	85.4	0.0	14.3
2014.0	11.0	24.0	10.0	3.6	225.2	26.0	68.0	0.0	329.2
2014.0	11.0	24.0	13.0	2.1	28.2	29.6	52.3	0.0	374.0
2014.0	11.0	24.0	16.0	2.0	19.3	30.7	44.9	0.0	123.1
2014.0	11.0	25.0	7.0	2.1	103.9	22.9	82.4	0.0	6.6
2014.0	11.0	25.0	10.0	3.5	164.8	25.7	70.9	0.0	184.9
2014.0	11.0	25.0	13.0	2.3	66.0	28.8	55.9	0.0	344.8
2014.0	11.0	25.0	16.0	4.1	346.4	28.7	50.0	0.0	141.3
2014.0	11.0	26.0	10.0	2.3	169.9	23.0	82.4	0.0	156.1
2014.0	11.0	26.0	13.0	4.8	98.7	25.7	68.4	0.0	260.1
2014.0	11.0	26.0	16.0	3.8	8.2	22.4	84.0	3.3	17.5
2014.0	11.0	27.0	7.0	1.2	22.9	21.2	87.3	0.0	5.1
2014.0	11.0	27.0	10.0	1.9	70.0	23.2	76.9	0.0	222.3
2014.0	11.0	27.0	13.0	2.6	103.4	27.2	57.3	0.0	398.1
2014.0	11.0	27.0	16.0	3.7	79.4	29.5	50.7	0.0	223.3
2014.0	11.0	28.0	7.0	2.1	159.9	21.4	85.9	0.0	10.9
2014.0	11.0	28.0	10.0	2.7	65.8	25.8	68.4	0.0	329.0
2014.0	11.0	28.0	13.0	3.3	85.2	29.9	50.3	0.0	431.3
2014.0	11.0	28.0	16.0	4.1	54.2	31.5	44.9	0.0	138.9
2014.0	11.0	29.0	7.0	0.6	119.3	22.2	84.3	0.0	8.8
2014.0	11.0	29.0	10.0	3.6	176.2	26.3	68.3	0.0	343.0
2014.0	11.0	29.0	13.0	3.8	80.6	30.4	52.0	0.0	426.4
2014.0	11.0	29.0	16.0	5.7	291.9	31.3	45.0	0.0	162.5
2014.0	11.0	30.0	7.0	1.2	194.9	23.4	80.4	0.0	10.7
2014.0	11.0	30.0	10.0	2.8	202.5	25.3	72.9	0.0	210.0
2014.0	11.0	30.0	13.0	3.8	155.8	28.6	57.5	0.0	263.0
2014.0	11.0	30.0	16.0	3.5	96.3	29.6	54.7	0.0	86.9
2014.0	12.0	1.0	7.0	2.0	110.6	23.4	82.6	0.0	8.4
2014.0	12.0	1.0	10.0	1.4	171.5	26.6	66.5	0.0	323.2
2014.0	12.0	1.0	13.0	3.3	79.8	30.2	50.5	0.0	435.4
2014.0	12.0	1.0	16.0	2.1	42.4	31.8	44.4	0.0	147.2
2014.0	12.0	2.0	7.0	3.3	203.2	23.1	79.6	0.0	20.3
2014.0	12.0	2.0	10.0	2.8	224.4	26.7	65.7	0.0	325.8
2014.0	12.0	2.0	13.0	4.2	78.6	30.5	51.0	0.0	430.5
2014.0	12.0	2.0	16.0	1.8	37.7	32.0	40.9	0.0	150.9
2014.0	12.0	3.0	7.0	2.2	177.1	21.9	83.0	0.0	24.2
2014.0	12.0	3.0	10.0	2.7	117.7	26.1	64.7	0.0	325.8
2014.0	12.0	3.0	13.0	3.1	98.7	30.5	47.5	0.0	435.0
2014.0	12.0	3.0	16.0	8.2	294.7	31.0	43.6	0.0	167.1
2014.0	12.0	4.0	7.0	1.8	156.4	23.4	76.9	0.0	16.9
2014.0	12.0	4.0	10.0	3.0	175.6	26.0	65.7	0.0	245.5
2014.0	12.0	4.0	13.0	3.3	63.9	29.9	48.7	0.0	337.6
2014.0	12.0	4.0	16.0	6.6	300.8	30.5	44.1	0.0	161.8
2014.0	12.0	5.0	7.0	2.0	218.2	22.2	83.5	0.0	44.5
2014.0	12.0	5.0	10.0	2.0	143.3	24.5	73.9	0.0	134.7
2014.0	12.0	5.0	13.0	4.1	87.8	28.8	54.7	0.0	368.7
2014.0	12.0	5.0	16.0	3.6	60.2	24.1	78.6	0.0	21.9
2014.0	12.0	6.0	7.0	1.8	130.2	20.5	88.2	0.0	19.1
2014.0	12.0	6.0	10.0	2.9	116.7	25.2	67.6	0.0	351.2
2014.0	12.0	6.0	13.0	3.7	351.6	28.5	52.7	0.0	359.1
2014.0	12.0	6.0	16.0	0.8	72.5	29.9	45.7	0.0	130.6
2014.0	12.0	7.0	7.0	2.0	202.8	22.3	84.9	0.0	13.9
2014.0	12.0	7.0	10.0	2.5	145.1	25.5	67.7	0.0	273.0
2014.0	12.0	7.0	13.0	3.4	39.6	27.5	62.1	0.0	366.2
2014.0	12.0	7.0	16.0	3.0	54.6	28.9	52.7	0.0	127.4
2014.0	12.0	8.0	7.0	1.9	31.7	21.6	80.0	0.0	6.5
2014.0	12.0	8.0	10.0	1.6	118.4	25.5	66.0	0.0	234.7
2014.0	12.0	8.0	13.0	1.7	122.1	29.6	48.5	0.0	446.5
2014.0	12.0	8.0	16.0	4.2	326.1	31.2	42.3	0.0	216.4
2014.0	12.0	9.0	7.0	2.4	35.5	22.6	80.3	0.0	4.3
2014.0	12.0	9.0	10.0	3.7	158.7	25.1	70.6	0.0	112.9
2014.0	12.0	9.0	13.0	6.2	152.5	25.2	74.7	0.0	425.6
2014.0	12.0	9.0	16.0	4.9	344.5	22.8	82.5	5.84	16.4
2014.0	12.0	10.0	7.0	2.3	68.4	21.3	86.0	0.0	10.7
2014.0	12.0	10.0	10.0	2.1	67.2	23.0	78.4	0.0	102.8
2014.0	12.0	10.0	13.0	1.3	106.8	26.8	60.3	0.0	316.8
2014.0	12.0	10.0	16.0	3.6	265.2	28.1	52.2	0.0	44.7
2014.0	12.0	11.0	7.0	2.6	40.5	20.9	87.4	0.0	4.7
2014.0	12.0	11.0	10.0	3.4	33.3	23.0	76.5	0.0	129.8
2014.0	12.0	11.0	13.0	2.8	27.2	25.7	64.1	0.0	286.3
2014.0	12.0	11.0	16.0	1.1	342.9	27.0	58.6	0.0	131.7
2014.0	12.0	12.0	7.0	0.9	63.9	21.6	89.0	9.14	10.3
2014.0	12.0	12.0	10.0	1.8	224.2	24.1	77.7	0.0	294.3
2014.0	12.0	12.0	13.0	2.3	125.5	28.6	55.4	0.0	438.7
2014.0	12.0	12.0	16.0	4.5	9.6	30.3	47.3	0.0	163.9
2014.0	12.0	13.0	7.0	3.1	97.6	20.2	89.5	0.0	10.0
2014.0	12.0	13.0	10.0	0.9	198.1	23.8	71.6	0.0	283.8
2014.0	12.0	13.0	13.0	3.8	64.2	28.1	53.1	0.0	427.4
2014.0	12.0	13.0	16.0	5.5	216.4	24.3	67.2	0.0	14.0
2014.0	12.0	14.0	10.0	0.3	154.3	23.1	75.3	0.0	295.5
2014.0	12.0	14.0	13.0	3.3	124.8	27.3	54.2	0.0	473.9
2014.0	12.0	14.0	16.0	4.8	3.2	28.9	49.7	0.0	217.8
2014.0	12.0	15.0	7.0	2.3	157.5	19.9	86.6	0.0	5.7
2014.0	12.0	15.0	10.0	2.9	153.3	24.3	68.0	0.0	321.6
2014.0	12.0	15.0	13.0	3.3	87.4	28.7	48.1	0.0	433.0
2014.0	12.0	15.0	16.0	3.6	16.9	30.2	44.2	0.0	169.1
2014.0	12.0	16.0	7.0	1.1	102.7	21.6	81.7	0.0	21.1
2014.0	12.0	16.0	10.0	2.1	135.5	25.3	65.7	0.0	271.6
2014.0	12.0	16.0	13.0	2.7	91.9	28.5	53.5	0.0	365.9
2014.0	12.0	16.0	16.0	4.3	59.7	29.8	49.0	0.0	196.5
2014.0	12.0	17.0	7.0	0.8	276.4	22.3	85.1	0.0	4.4
2014.0	12.0	17.0	10.0	1.6	276.1	24.6	75.2	0.0	205.3
2014.0	12.0	17.0	13.0	3.1	87.1	28.5	57.2	0.0	281.4
2014.0	12.0	17.0	16.0	3.9	56.5	28.6	52.3	0.0	219.8
2014.0	12.0	18.0	7.0	0.8	201.5	20.9	88.7	0.0	11.0
2014.0	12.0	18.0	10.0	2.6	101.5	24.7	70.5	0.0	239.1
2014.0	12.0	18.0	13.0	2.6	65.0	28.3	52.2	0.0	364.5
2014.0	12.0	18.0	16.0	5.4	44.4	29.9	48.8	0.0	104.0
2014.0	12.0	19.0	7.0	2.2	142.3	21.6	84.6	0.0	4.1
2014.0	12.0	19.0	10.0	3.5	202.6	25.3	68.0	0.0	310.4
2014.0	12.0	19.0	13.0	3.5	59.1	29.4	51.4	0.0	415.8
2014.0	12.0	19.0	16.0	6.5	289.1	30.7	42.8	0.0	260.7
2014.0	12.0	20.0	7.0	0.8	346.4	21.6	81.4	0.0	11.1
2014.0	12.0	20.0	10.0	3.5	151.4	25.6	66.1	0.0	272.3
2014.0	12.0	20.0	13.0	3.4	79.2	29.3	48.9	0.0	424.7
2014.0	12.0	20.0	16.0	5.7	349.3	30.0	45.2	0.0	207.8
2014.0	12.0	21.0	7.0	2.4	239.5	21.8	80.3	0.0	4.3
2014.0	12.0	21.0	10.0	2.3	57.4	25.3	65.0	0.0	262.3
2014.0	12.0	21.0	13.0	3.1	107.5	29.0	51.1	0.0	421.9
2014.0	12.0	21.0	16.0	5.8	316.0	29.6	48.1	0.0	175.2
2014.0	12.0	22.0	7.0	0.7	183.9	21.7	86.6	0.0	7.6
2014.0	12.0	22.0	10.0	0.7	295.8	24.9	70.9	0.0	253.4
2014.0	12.0	22.0	13.0	3.5	90.7	29.2	49.7	0.0	402.6
2014.0	12.0	22.0	16.0	3.2	79.1	31.0	42.3	0.0	227.4
2014.0	12.0	23.0	7.0	2.0	154.5	22.1	82.7	0.0	7.8
2014.0	12.0	23.0	10.0	2.5	132.5	26.0	63.1	0.0	306.3
2014.0	12.0	23.0	13.0	3.3	98.3	29.6	49.2	0.0	428.3
2014.0	12.0	23.0	16.0	3.9	19.3	31.3	43.3	0.0	143.3
2014.0	12.0	24.0	7.0	1.7	149.6	21.7	81.9	0.0	13.0
2014.0	12.0	24.0	10.0	2.6	167.5	26.0	64.1	0.0	312.6
2014.0	12.0	24.0	13.0	4.1	68.4	30.0	49.9	0.0	321.3
2014.0	12.0	24.0	16.0	3.4	355.8	30.7	43.0	0.0	107.9
2014.0	12.0	25.0	7.0	1.9	154.8	22.7	79.7	0.0	4.8
2014.0	12.0	25.0	10.0	3.1	81.6	26.6	63.4	0.0	328.1
2014.0	12.0	25.0	13.0	3.9	105.6	29.4	53.6	0.0	331.7
2014.0	12.0	25.0	16.0	2.0	326.2	29.9	49.2	0.0	148.1
2014.0	12.0	26.0	7.0	1.1	156.5	23.0	79.2	0.0	7.8
2014.0	12.0	26.0	10.0	2.8	75.1	25.6	67.6	0.0	272.3
2014.0	12.0	26.0	13.0	3.6	70.6	30.0	49.7	0.0	379.0
2014.0	12.0	26.0	16.0	4.1	346.8	30.7	44.8	0.0	103.8
2014.0	12.0	27.0	10.0	2.6	84.1	25.6	69.0	0.0	186.1
2014.0	12.0	27.0	13.0	3.4	87.5	30.1	49.4	0.0	376.9
2014.0	12.0	27.0	16.0	2.4	43.8	31.0	45.5	0.0	67.1
2014.0	12.0	28.0	10.0	0.9	107.7	26.0	66.7	0.0	255.4
2014.0	12.0	28.0	13.0	2.0	112.8	30.7	46.5	0.0	443.4
2014.0	12.0	28.0	16.0	3.2	22.0	31.7	41.8	0.0	190.7
2014.0	12.0	29.0	7.0	1.3	180.0	22.8	79.5	0.0	17.4
2014.0	12.0	29.0	10.0	2.8	97.5	25.9	67.0	0.0	272.0
2014.0	12.0	29.0	13.0	3.4	84.1	30.2	46.8	0.0	392.0
2014.0	12.0	29.0	16.0	4.2	2.0	31.9	39.2	0.0	140.6
2014.0	12.0	30.0	7.0	2.0	178.0	22.3	79.7	0.0	9.3
2014.0	12.0	30.0	10.0	4.0	176.2	26.6	63.2	0.0	274.5
2014.0	12.0	30.0	13.0	1.7	81.9	30.1	46.4	0.0	359.9
2014.0	12.0	30.0	16.0	3.8	75.3	32.1	38.5	0.0	199.9
2014.0	12.0	31.0	7.0	0.5	162.3	22.5	77.8	0.0	6.2
2014.0	12.0	31.0	10.0	2.7	161.2	25.8	65.9	0.0	242.0
2014.0	12.0	31.0	13.0	2.8	95.8	30.3	47.2	0.0	316.2
2014.0	12.0	31.0	16.0	4.5	9.2	31.3	42.5	0.0	97.3
